250.0 250.0
212.0 277.0 0.0584528800007 10741.54712 
243.0 328.0 0.114919400001 10685.0806 
236.0 391.0 0.0310400000009 10768.96 
167.0 410.0 0.226899520002 10573.10048 
187.0 381.0 0.0884800000024 10711.52 
335.0 381.0 0.0814814400013 10718.51856 
163.0 411.0 0.245646080004 10554.35392 
266.0 335.0 0.136524480004 10663.47552 
217.0 449.0 0.0385800000011 10761.42 
156.0 292.0 0.134783400001 10665.2166 
279.0 224.0 0.0688246800009 10731.17532 
81.0 284.0 0.101491680001 10698.50832 
44.0 313.0 0.0304200000008 10769.58 
21.0 339.0 0.0442534000007 10755.7466 
42.0 391.0 0.0990972000016 10700.9028 
51.0 358.0 0.151372640001 10648.62736 
24.0 461.0 0.101491680001 10698.50832 
67.0 447.0 0.100004560001 10699.99544 
43.0 433.0 0.0720084000011 10727.9916 
76.0 430.0 0.0251800000007 10774.82 
342.0 339.0 0.295301720003 10504.69828 
299.0 329.0 0.255060040003 10544.93996 
71.0 223.0 0.101491680001 10698.50832 
335.0 334.0 0.215123320004 10584.87668 
252.0 466.0 0.0756696000013 10724.3304 
151.0 242.0 0.037496800001 10762.5032 
235.0 216.0 0.055878720001 10744.12128 
125.0 158.0 0.101491680001 10698.50832 
145.0 233.0 0.0448652000009 10755.1348 
155.0 250.0 0.0716320000018 10728.368 
138.0 232.0 0.0489018000007 10751.0982 
157.0 264.0 0.0689600000019 10731.04 
131.0 354.0 0.115656240003 10684.34376 
140.0 375.0 0.325237600002 10474.7624 
144.0 363.0 0.0923278000007 10707.6722 
135.0 372.0 0.141503200004 10658.4968 
109.0 462.0 0.118664400001 10681.3356 
135.0 466.0 0.102301400002 10697.6986 
140.0 449.0 0.187526760002 10612.47324 
146.0 456.0 0.087440000002 10712.56 
35.0 458.0 0.0392638000005 10760.7362 
163.0 327.0 0.1507156 10649.2844 
235.0 289.0 0.142680960002 10657.31904 
288.0 266.0 0.113632000001 10686.368 
245.0 158.0 0.0185200000005 10781.48 
224.0 153.0 0.0245407200006 10775.45928 
250.0 142.0 0.0220044000005 10777.9956 
250.0 153.0 0.0191060000007 10780.894 
263.0 244.0 0.0591968000016 10740.8032 
242.0 241.0 0.0395870000007 10760.413 
242.0 260.0 0.077361440002 10722.63856 
240.0 227.0 0.0458363600009 10754.16364 
254.0 340.0 0.0405792000008 10759.4208 
276.0 346.0 0.0697754800017 10730.22452 
259.0 328.0 0.161512960004 10638.48704 
287.0 377.0 0.174511400003 10625.4886 
259.0 418.0 0.0906884000015 10709.3116 
257.0 452.0 0.0685193200011 10731.48068 
243.0 417.0 0.0866420000017 10713.358 
260.0 455.0 0.0654571600008 10734.54284 
72.0 434.0 0.0865344000014 10713.4656 
150.0 236.0 0.041802480001 10758.19752 
171.0 441.0 0.127564840003 10672.43516 
300.0 86.0 0.0399880000003 10760.012 
345.0 135.0 0.125268200001 10674.7318 
326.0 116.0 0.0697320000011 10730.268 
324.0 169.0 0.0253000000007 10774.7 
354.0 138.0 0.0455688000012 10754.4312 
328.0 262.0 0.0777846400002 10722.21536 
347.0 241.0 0.0132199200001 10786.78008 
340.0 234.0 0.0120400000003 10787.96 
340.0 233.0 0.0364194000005 10763.5806 
373.0 352.0 0.121502400003 10678.4976 
389.0 353.0 0.211916000002 10588.084 
339.0 339.0 0.172192000004 10627.808 
347.0 351.0 0.112054560003 10687.94544 
363.0 454.0 0.0187200000005 10781.28 
366.0 465.0 0.0261318400006 10773.86816 
356.0 461.0 0.0198920800003 10780.10792 
365.0 440.0 0.0127400000004 10787.26 
9.0 388.0 0.0380116800006 10761.98832 
276.0 319.0 0.0934800000026 10706.52 
150.0 288.0 0.0697388800019 10730.26112 
103.0 396.0 0.115214800001 10684.7852 
451.0 155.0 0.0203544000006 10779.6456 
434.0 118.0 0.0354352800003 10764.56472 
442.0 116.0 0.0374508000005 10762.5492 
439.0 155.0 0.0185400000005 10781.46 
432.0 290.0 0.0772094400006 10722.79056 
423.0 241.0 0.0241000000007 10775.9 
470.0 247.0 0.0407862000001 10759.2138 
471.0 251.0 0.03983408 10760.16592 
434.0 356.0 0.0838701600017 10716.12984 
452.0 363.0 0.0346486400007 10765.35136 
456.0 322.0 0.0556360000011 10744.364 
437.0 341.0 0.117454560001 10682.54544 
404.0 469.0 0.0509376800003 10749.06232 
477.0 440.0 0.0156014000004 10784.3986 
463.0 461.0 0.01401808 10785.98192 
467.0 451.0 0.0126400000003 10787.36 
