250.0 250.0
278.0 183.0 0.560073000015 10239.927 
321.0 205.0 0.757739840008 10042.26016 
286.0 189.0 0.569548000009 10230.452 
288.0 149.0 0.150467800003 10649.5322 
372.0 188.0 0.166087480004 10633.91252 
248.0 217.0 0.335448560009 10464.55144 
311.0 192.0 0.526840400014 10273.1596 
309.0 174.0 0.279197000007 10520.803 
387.0 252.0 0.0938136000022 10706.1864 
310.0 239.0 0.369981160008 10430.01884 
332.0 112.0 0.093134080002 10706.86592 
273.0 229.0 0.355692800007 10444.3072 
291.0 260.0 0.313039440008 10486.96056 
341.0 274.0 0.0972904800006 10702.70952 
396.0 208.0 0.353212600002 10446.7874 
264.0 182.0 0.650658800011 10149.3412 
365.0 214.0 0.343556920008 10456.44308 
284.0 223.0 1.01862800001 9781.37199999 
321.0 194.0 0.495110000007 10304.89 
261.0 116.0 0.0509706400008 10749.02936 
211.0 40.0 0.0253000000007 10774.7 
170.0 63.0 0.103081600001 10696.9184 
123.0 40.0 0.00628000000017 10793.72 
130.0 29.0 0.00841519999985 10791.5848 
137.0 155.0 0.0359576000002 10764.0424 
180.0 164.0 0.00616000000017 10793.84 
135.0 182.0 0.0121800000003 10787.82 
118.0 150.0 0.02798852 10772.01148 
142.0 244.0 0.0269332800002 10773.06672 
143.0 249.0 0.0257598400004 10774.24016 
167.0 255.0 0.0182200000005 10781.78 
145.0 261.0 0.0246888000006 10775.3112 
160.0 315.0 0.0193800000005 10780.62 
180.0 348.0 0.0388561200003 10761.14388 
160.0 346.0 0.0501384800007 10749.86152 
132.0 356.0 0.0296694400005 10770.33056 
172.0 435.0 0.0189400000005 10781.06 
137.0 468.0 0.03949496 10760.50504 
151.0 436.0 0.0248981600002 10775.10184 
161.0 430.0 0.0149829600002 10785.01704 
263.0 11.0 0.0455398000009 10754.4602 
254.0 15.0 0.0699820000008 10730.018 
265.0 22.0 0.041381200001 10758.6188 
252.0 33.0 0.102868000001 10697.132 
245.0 128.0 0.0562901200015 10743.70988 
245.0 134.0 0.0589118000013 10741.0882 
246.0 136.0 0.137963200003 10662.0368 
248.0 150.0 0.143760800002 10656.2392 
262.0 256.0 0.200002400005 10599.9976 
222.0 262.0 0.0302329600002 10769.76704 
237.0 226.0 0.127707000003 10672.293 
244.0 252.0 0.0316752000007 10768.3248 
260.0 324.0 0.0131600000004 10786.84 
219.0 342.0 0.0723516000006 10727.6484 
239.0 342.0 0.0131600000004 10786.84 
238.0 367.0 0.0322402400007 10767.75976 
244.0 427.0 0.0120600000003 10787.94 
260.0 466.0 0.0347345200002 10765.26548 
227.0 437.0 0.0164790400002 10783.52096 
234.0 435.0 0.00638000000018 10793.62 
378.0 32.0 0.0216894000004 10778.3106 
356.0 90.0 0.189529200002 10610.4708 
346.0 58.0 0.0978377600008 10702.16224 
385.0 46.0 0.0918978000013 10708.1022 
354.0 169.0 0.285564720004 10514.43528 
319.0 150.0 0.175198400003 10624.8016 
353.0 137.0 0.160728000002 10639.272 
350.0 170.0 0.287114640007 10512.88536 
364.0 244.0 0.164642440004 10635.35756 
356.0 228.0 0.320803680007 10479.19632 
342.0 222.0 0.268178760007 10531.82124 
350.0 215.0 0.389599680008 10410.40032 
359.0 356.0 0.0254835200007 10774.51648 
375.0 339.0 0.0387030400008 10761.29696 
363.0 350.0 0.0307400000009 10769.26 
367.0 347.0 0.0313130000008 10768.687 
333.0 447.0 0.0209098000003 10779.0902 
306.0 443.0 0.0119400000003 10788.06 
341.0 473.0 0.0371000000001 10762.9 
385.0 421.0 0.103081600001 10696.9184 
450.0 40.0 0.0248665200005 10775.13348 
429.0 46.0 0.0736000000003 10726.4 
475.0 19.0 0.103081600001 10696.9184 
413.0 84.0 0.0311000000009 10768.9 
469.0 189.0 0.0313457600004 10768.65424 
449.0 155.0 0.0119800000003 10788.02 
445.0 108.0 0.032918 10767.082 
445.0 165.0 0.0766812800011 10723.31872 
454.0 206.0 0.129414240001 10670.58576 
436.0 237.0 0.284127280003 10515.87272 
443.0 251.0 0.0954008000017 10704.5992 
437.0 261.0 0.0728840000015 10727.116 
433.0 378.0 0.0419726000006 10758.0274 
457.0 377.0 0.0409240000006 10759.076 
438.0 360.0 0.0188200000005 10781.18 
407.0 365.0 0.0959162000006 10704.0838 
444.0 457.0 0.0256230000003 10774.377 
437.0 474.0 0.0304472400001 10769.55276 
433.0 439.0 0.0135200000004 10786.48 
469.0 417.0 0.0465363200007 10753.46368 
