250.0 250.0
259.0 207.0 0.459294800003 10340.7052 
279.0 165.0 0.154926560002 10645.07344 
207.0 283.0 0.638081760008 10161.91824 
239.0 185.0 0.158486080004 10641.51392 
175.0 368.0 0.0717710400011 10728.22896 
293.0 154.0 0.282013160003 10517.98684 
205.0 197.0 0.0350960000004 10764.904 
264.0 337.0 0.090356400002 10709.6436 
170.0 112.0 0.229180000003 10570.82 
345.0 286.0 0.0432200000012 10756.78 
257.0 401.0 0.0523143600004 10747.68564 
294.0 337.0 0.0713859200013 10728.61408 
365.0 246.0 0.110980000001 10689.02 
279.0 205.0 0.0602586400012 10739.74136 
319.0 166.0 0.0910172400017 10708.98276 
260.0 205.0 0.290530000004 10509.47 
186.0 267.0 0.566485680009 10233.51432 
252.0 308.0 0.367495120006 10432.50488 
215.0 315.0 0.410478000009 10389.522 
372.0 207.0 0.0224158800007 10777.58412 
141.0 41.0 0.0376984000004 10762.3016 
180.0 31.0 0.0333430000005 10766.657 
147.0 96.0 0.117020600001 10682.9794 
169.0 53.0 0.148313720001 10651.68628 
147.0 159.0 0.00648000000018 10793.52 
162.0 156.0 0.330080600004 10469.9194 
123.0 176.0 0.00648000000018 10793.52 
131.0 149.0 0.0638696000013 10736.1304 
136.0 237.0 0.106601840002 10693.39816 
125.0 274.0 0.0406236000006 10759.3764 
147.0 241.0 0.255824440005 10544.17556 
177.0 248.0 0.530940000004 10269.06 
154.0 333.0 0.157791800001 10642.2082 
160.0 360.0 0.0587436000013 10741.2564 
159.0 346.0 0.114970120002 10685.02988 
144.0 342.0 0.051515800001 10748.4842 
170.0 459.0 0.0259363200004 10774.06368 
152.0 447.0 0.0197400000005 10780.26 
154.0 457.0 0.0211460800006 10778.85392 
156.0 459.0 0.0217752000006 10778.2248 
197.0 537.0 0.0217752000006 10778.2248 
252.0 32.0 0.00572000000016 10794.28 
233.0 52.0 0.00572000000016 10794.28 
255.0 32.0 0.0158329600001 10784.16704 
243.0 152.0 0.0963406000025 10703.6594 
225.0 134.0 0.0964842000022 10703.5158 
246.0 166.0 0.409734000003 10390.266 
251.0 107.0 0.0479430800004 10752.05692 
253.0 267.0 0.228064480006 10571.93552 
236.0 258.0 0.327840000004 10472.16 
259.0 241.0 0.0878980800023 10712.10192 
223.0 284.0 0.934325200007 9865.67479999 
230.0 355.0 0.112156000002 10687.844 
241.0 383.0 0.0358172000008 10764.1828 
245.0 334.0 0.129650000003 10670.35 
242.0 357.0 0.122648640002 10677.35136 
248.0 441.0 0.0242400000007 10775.76 
255.0 460.0 0.035118400001 10764.8816 
256.0 450.0 0.0336264000002 10766.3736 
220.0 459.0 0.0462384400009 10753.76156 
284.0 311.0 0.140811720003 10659.18828 
327.0 326.0 0.0737680000013 10726.232 
176.0 201.0 0.395737200002 10404.2628 
171.0 299.0 0.248715480005 10551.28452 
366.0 152.0 0.0863616000013 10713.6384 
381.0 104.0 0.0863616000013 10713.6384 
330.0 170.0 0.138115000001 10661.885 
330.0 154.0 0.0883803200017 10711.61968 
374.0 226.0 0.0427380800009 10757.26192 
370.0 224.0 0.0185600000005 10781.44 
377.0 236.0 0.0401163200007 10759.88368 
361.0 279.0 0.047002000001 10752.998 
376.0 357.0 0.044136000001 10755.864 
367.0 372.0 0.0606394400009 10739.36056 
319.0 356.0 0.0286976000006 10771.3024 
372.0 325.0 0.126510000001 10673.49 
341.0 453.0 0.00616000000017 10793.84 
345.0 442.0 0.00616000000017 10793.84 
368.0 461.0 0.0171247999999 10782.8752 
368.0 438.0 0.00616000000017 10793.84 
465.0 202.0 0.0227364000001 10777.2636 
249.0 482.0 0.0501494400007 10749.85056 
451.0 49.0 0.00638000000018 10793.62 
448.0 39.0 0.00777083999989 10792.22916 
408.0 147.0 0.0422307600006 10757.76924 
430.0 146.0 0.00630000000017 10793.7 
446.0 199.0 0.0491800000014 10750.82 
464.0 175.0 0.0296200000005 10770.38 
482.0 249.0 0.0795657600017 10720.43424 
455.0 224.0 0.0766414400017 10723.35856 
453.0 238.0 0.158726000001 10641.274 
464.0 270.0 0.116307600002 10683.6924 
484.0 344.0 0.0324104000005 10767.5896 
430.0 353.0 0.00638000000018 10793.62 
432.0 367.0 0.0089320000001 10791.068 
475.0 312.0 0.0837326000006 10716.2674 
453.0 430.0 0.0157228799998 10784.27712 
445.0 470.0 0.02231064 10777.68936 
426.0 422.0 0.00608000000017 10793.92 
416.0 491.0 0.00626000000017 10793.74 
