250.0 250.0
237.0 296.0 0.321681000004 10478.319 
233.0 244.0 0.554561000006 10245.439 
209.0 318.0 0.123200200003 10676.7998 
193.0 253.0 0.861844920012 9938.15507999 
321.0 258.0 0.534883360006 10265.11664 
272.0 274.0 0.400468000011 10399.532 
194.0 293.0 0.273743280006 10526.25672 
175.0 234.0 0.262307400007 10537.6926 
340.0 253.0 0.0661600000018 10733.84 
395.0 320.0 0.234097000002 10565.903 
367.0 299.0 0.180328640004 10619.67136 
436.0 398.0 0.0253600000007 10774.64 
335.0 293.0 0.333288680004 10466.71132 
324.0 327.0 0.0437800000012 10756.22 
276.0 342.0 0.0669012000015 10733.0988 
257.0 280.0 0.467678880009 10332.32112 
97.0 229.0 0.101491680001 10698.50832 
279.0 246.0 0.53011016001 10269.88984 
146.0 257.0 0.282720000007 10517.28 
246.0 339.0 0.128792000003 10671.208 
189.0 392.0 0.129180000003 10670.82 
276.0 310.0 0.160990720002 10639.00928 
339.0 391.0 0.126252000002 10673.748 
145.0 316.0 0.260691600004 10539.3084 
228.0 286.0 0.509455200012 10290.5448 
8.0 212.0 0.0 10800.0 
196.0 312.0 0.127244000003 10672.756 
156.0 141.0 0.0 10800.0 
148.0 241.0 0.174968280004 10625.03172 
146.0 248.0 0.79161920001 10008.3808 
182.0 271.0 0.339516600008 10460.4834 
158.0 212.0 0.0490392000008 10750.9608 
131.0 337.0 0.240140000006 10559.86 
157.0 351.0 0.263897560004 10536.10244 
147.0 325.0 0.323800000005 10476.2 
133.0 360.0 0.205519200005 10594.4808 
157.0 459.0 0.0775765600014 10722.42344 
172.0 448.0 0.0544542000008 10745.5458 
177.0 454.0 0.067680800001 10732.3192 
149.0 422.0 0.137687560002 10662.31244 
337.0 320.0 0.142183760004 10657.81624 
184.0 240.0 0.46283828001 10337.16172 
191.0 394.0 0.107575040002 10692.42496 
137.0 295.0 0.707074000006 10092.926 
256.0 151.0 0.0183400000005 10781.66 
233.0 151.0 0.0247726400005 10775.22736 
230.0 134.0 0.0306534000004 10769.3466 
232.0 145.0 0.0255371200004 10774.46288 
237.0 228.0 0.260133920007 10539.86608 
230.0 237.0 0.283479040008 10516.52096 
246.0 242.0 0.332841600009 10467.1584 
257.0 231.0 0.169401600005 10630.5984 
269.0 343.0 0.0553080000011 10744.692 
266.0 350.0 0.0758160000012 10724.184 
261.0 361.0 0.0670674000008 10732.9326 
220.0 333.0 0.124111680001 10675.88832 
213.0 479.0 0.0401688000002 10759.8312 
262.0 455.0 0.0249320000004 10775.068 
276.0 425.0 0.0117800000003 10788.22 
224.0 434.0 0.0255400000007 10774.46 
288.0 524.0 0.0490392000008 10750.9608 
171.0 368.0 0.309465000003 10490.535 
256.0 237.0 0.309642400009 10490.3576 
269.0 311.0 0.182504000004 10617.496 
328.0 143.0 0.0115800000003 10788.42 
337.0 146.0 0.0126564000003 10787.3436 
358.0 158.0 0.0241800000003 10775.82 
390.0 133.0 0.0243800000007 10775.62 
333.0 263.0 0.162659200004 10637.3408 
361.0 238.0 0.123640000003 10676.36 
357.0 209.0 0.0398850000002 10760.115 
372.0 268.0 0.0966409600023 10703.35904 
335.0 349.0 0.120415600002 10679.5844 
348.0 359.0 0.118608000003 10681.392 
365.0 343.0 0.115691080003 10684.30892 
348.0 316.0 0.212110480005 10587.88952 
348.0 428.0 0.0720740000003 10727.926 
355.0 443.0 0.0216408800004 10778.35912 
294.0 445.0 0.0201494400002 10779.85056 
333.0 441.0 0.00606000000017 10793.94 
257.0 354.0 0.0753727200013 10724.62728 
162.0 384.0 0.191999680004 10608.00032 
190.0 429.0 0.0999436000016 10700.0564 
456.0 58.0 0.0490392000008 10750.9608 
449.0 138.0 0.107342 10692.658 
463.0 124.0 0.0349910400009 10765.00896 
414.0 153.0 0.0901497600005 10709.85024 
471.0 136.0 0.0360960000007 10763.904 
444.0 260.0 0.0154708 10784.5292 
437.0 249.0 0.0132200000004 10786.78 
483.0 215.0 0.0490392000008 10750.9608 
453.0 224.0 0.0248492000001 10775.1508 
458.0 313.0 0.0544400000006 10745.56 
437.0 327.0 0.0678431600012 10732.15684 
473.0 356.0 0.0592492000009 10740.7508 
430.0 342.0 0.120035320001 10679.96468 
438.0 443.0 0.10686344 10693.13656 
475.0 419.0 0.0328923200002 10767.10768 
441.0 474.0 0.042777600001 10757.2224 
437.0 450.0 0.031694000001 10768.306 
