250.0 250.0
229.0 202.0 0.834234640009 9965.76535999 
200.0 244.0 0.526252600008 10273.7474 
199.0 190.0 0.337831840008 10462.16816 
221.0 194.0 0.397812640008 10402.18736 
269.0 180.0 0.463576600005 10336.4234 
230.0 243.0 0.41451640001 10385.4836 
204.0 175.0 0.237280400006 10562.7196 
241.0 259.0 0.329749360009 10470.25064 
182.0 163.0 0.226294400004 10573.7056 
273.0 278.0 0.206323160005 10593.67684 
151.0 123.0 0.111899280001 10688.10072 
125.0 135.0 0.053055680001 10746.94432 
168.0 226.0 0.214719840004 10585.28016 
289.0 133.0 0.114358920002 10685.64108 
83.0 150.0 0.0295054000003 10770.4946 
276.0 226.0 0.427197600006 10372.8024 
143.0 183.0 0.170178800002 10629.8212 
111.0 112.0 0.0475799600007 10752.42004 
233.0 359.0 0.0230379200004 10776.96208 
95.0 179.0 0.0928408000013 10707.1592 
231.0 177.0 0.311625760005 10488.37424 
166.0 43.0 0.0437195199999 10756.28048 
178.0 71.0 0.0129200000004 10787.08 
181.0 35.0 0.0236819600002 10776.31804 
186.0 185.0 0.322320880008 10477.67912 
158.0 130.0 0.120310600002 10679.6894 
169.0 161.0 0.138831560003 10661.16844 
179.0 156.0 0.194330560003 10605.66944 
154.0 253.0 0.132615280002 10667.38472 
106.0 249.0 0.0458472000006 10754.1528 
173.0 269.0 0.120701280003 10679.29872 
172.0 233.0 0.102941000003 10697.059 
133.0 323.0 0.0587244 10741.2756 
137.0 367.0 0.0480001600005 10751.99984 
162.0 348.0 0.0183800000005 10781.62 
143.0 338.0 0.0305789600007 10769.42104 
144.0 443.0 0.00638000000018 10793.62 
142.0 448.0 0.0175425600005 10782.45744 
124.0 459.0 0.0341442800002 10765.85572 
158.0 438.0 0.0130000000004 10787.0 
240.0 45.0 0.0623010400009 10737.69896 
244.0 47.0 0.0603878000009 10739.6122 
255.0 71.0 0.0447259200012 10755.27408 
250.0 84.0 0.179179200001 10620.8208 
252.0 159.0 0.558426960008 10241.57304 
238.0 128.0 0.333608000005 10466.392 
272.0 141.0 0.206338080004 10593.66192 
237.0 123.0 0.163337720004 10636.66228 
266.0 250.0 0.275670560007 10524.32944 
258.0 252.0 0.224146720006 10575.85328 
248.0 241.0 0.448364000005 10351.636 
255.0 238.0 0.180968280005 10619.03172 
223.0 357.0 0.0406248000002 10759.3752 
221.0 347.0 0.0193400000005 10780.66 
260.0 331.0 0.0129200000004 10787.08 
225.0 351.0 0.0327699999999 10767.23 
228.0 421.0 0.0234683999999 10776.5316 
261.0 405.0 0.037860000001 10762.14 
209.0 453.0 0.101491680001 10698.50832 
276.0 448.0 0.186922000001 10613.078 
337.0 25.0 0.0205315200003 10779.46848 
331.0 49.0 0.0126000000003 10787.4 
303.0 54.0 0.00612000000017 10793.88 
344.0 41.0 0.035244 10764.756 
356.0 166.0 0.0611241600011 10738.87584 
358.0 170.0 0.092646200001 10707.3538 
374.0 139.0 0.0329840000005 10767.016 
327.0 142.0 0.149961000001 10650.039 
341.0 232.0 0.0119200000003 10788.08 
365.0 239.0 0.0194700000001 10780.53 
340.0 276.0 0.0119200000003 10788.08 
351.0 237.0 0.0133900000001 10786.61 
351.0 350.0 0.0255228800003 10774.47712 
355.0 359.0 0.0348853600006 10765.11464 
328.0 362.0 0.0188000000005 10781.2 
343.0 350.0 0.0335717200006 10766.42828 
356.0 494.0 0.0215387600005 10778.46124 
318.0 459.0 0.0732632000012 10726.7368 
320.0 450.0 0.134648000001 10665.352 
352.0 479.0 0.0894974000009 10710.5026 
434.0 70.0 0.0188600000005 10781.14 
442.0 43.0 0.0446990000007 10755.301 
417.0 23.0 0.12584456 10674.15544 
439.0 39.0 0.101491680001 10698.50832 
458.0 137.0 0.0249258800005 10775.07412 
436.0 122.0 0.0169000000005 10783.1 
470.0 130.0 0.025612 10774.388 
460.0 165.0 0.0374840000001 10762.516 
435.0 243.0 0.0121000000003 10787.9 
476.0 261.0 0.0668210000006 10733.179 
437.0 229.0 0.101491680001 10698.50832 
486.0 273.0 0.0213256000001 10778.6744 
438.0 313.0 0.0183800000005 10781.62 
439.0 352.0 0.0442539200004 10755.74608 
433.0 349.0 0.0548314000006 10745.1686 
457.0 361.0 0.0318976000007 10768.1024 
450.0 417.0 0.00588000000016 10794.12 
460.0 450.0 0.0198626399999 10780.13736 
434.0 494.0 0.101491680001 10698.50832 
446.0 432.0 0.101491680001 10698.50832 
