250.0 250.0
179.0 197.0 0.186777600001 10613.2224 
184.0 246.0 0.171846760002 10628.15324 
255.0 237.0 0.140194240004 10659.80576 
298.0 184.0 0.240122400003 10559.8776 
220.0 244.0 0.0684812800015 10731.51872 
216.0 240.0 0.146058720003 10653.94128 
178.0 166.0 0.0641268000013 10735.8732 
96.0 158.0 0.0310600000001 10768.94 
357.0 211.0 0.0905184000015 10709.4816 
316.0 169.0 0.144545640004 10655.45436 
219.0 250.0 0.180620800003 10619.3792 
64.0 240.0 0.103081600001 10696.9184 
325.0 200.0 0.272855000005 10527.145 
54.0 338.0 0.00640000000018 10793.6 
40.0 330.0 0.013824 10786.176 
56.0 312.0 0.00640000000018 10793.6 
130.0 214.0 0.089172000001 10710.828 
246.0 204.0 0.550592320003 10249.40768 
279.0 197.0 0.394060640005 10405.93936 
50.0 405.0 0.013824 10786.176 
194.0 155.0 0.0301870000007 10769.813 
258.0 319.0 0.013824 10786.176 
185.0 61.0 0.0891977600007 10710.80224 
142.0 35.0 0.0891977600007 10710.80224 
126.0 168.0 0.0891977600007 10710.80224 
175.0 178.0 0.0456741600009 10754.32584 
196.0 147.0 0.0300358000006 10769.9642 
157.0 165.0 0.0699892800011 10730.01072 
132.0 230.0 0.0180000000005 10782.0 
131.0 245.0 0.148922000001 10651.078 
134.0 304.0 0.0213070799999 10778.69292 
152.0 287.0 0.0307800000009 10769.22 
179.0 337.0 0.0122400000003 10787.76 
168.0 368.0 0.00558000000016 10794.42 
156.0 365.0 0.0202330799999 10779.76692 
132.0 320.0 0.0465133599999 10753.48664 
142.0 441.0 0.0176800000005 10782.32 
164.0 452.0 0.0375444000003 10762.4556 
149.0 476.0 0.0388499200002 10761.15008 
130.0 455.0 0.0369274000004 10763.0726 
263.0 28.0 0.02947472 10770.52528 
226.0 30.0 0.0121200000003 10787.88 
271.0 78.0 0.0891977600007 10710.80224 
269.0 26.0 0.0337540000002 10766.246 
295.0 159.0 0.158726960003 10641.27304 
217.0 159.0 0.0237800000007 10776.22 
248.0 120.0 0.0891977600007 10710.80224 
282.0 162.0 0.103262400003 10696.7376 
261.0 251.0 0.213012800006 10586.9872 
235.0 251.0 0.176936640005 10623.06336 
259.0 226.0 0.132986800003 10667.0132 
298.0 267.0 0.15694 10643.06 
248.0 325.0 0.037660000001 10762.34 
231.0 327.0 0.037660000001 10762.34 
256.0 347.0 0.11023536 10689.76464 
259.0 378.0 0.155202000003 10644.798 
239.0 441.0 0.0435150000007 10756.485 
264.0 439.0 0.0392641600009 10760.73584 
273.0 436.0 0.0402064000008 10759.7936 
259.0 416.0 0.149641760002 10650.35824 
349.0 62.0 0.0168060800003 10783.19392 
364.0 52.0 0.0242248000005 10775.7752 
356.0 45.0 0.0231286000004 10776.8714 
364.0 74.0 0.0183200000005 10781.68 
362.0 139.0 0.056345760001 10743.65424 
360.0 148.0 0.0426599200006 10757.34008 
335.0 166.0 0.110898640002 10689.10136 
323.0 140.0 0.104145600002 10695.8544 
370.0 278.0 0.0374808000005 10762.5192 
352.0 242.0 0.111526680001 10688.47332 
324.0 245.0 0.119633600001 10680.3664 
343.0 227.0 0.0720664000014 10727.9336 
352.0 383.0 0.0217223200004 10778.27768 
412.0 329.0 0.00608000000017 10793.92 
337.0 371.0 0.0584932800008 10741.50672 
343.0 330.0 0.0119200000003 10788.08 
357.0 479.0 0.00580160000005 10794.1984 
341.0 421.0 0.0891977600007 10710.80224 
329.0 490.0 0.101491680001 10698.50832 
360.0 476.0 0.00560000000016 10794.4 
456.0 52.0 0.0412699200007 10758.73008 
456.0 30.0 0.0242848000005 10775.7152 
430.0 36.0 0.0122800000003 10787.72 
433.0 87.0 0.101491680001 10698.50832 
425.0 188.0 0.0183200000005 10781.68 
458.0 162.0 0.0460489600008 10753.95104 
458.0 158.0 0.0462336000005 10753.7664 
426.0 144.0 0.101491680001 10698.50832 
432.0 245.0 0.0273895999997 10772.6104 
457.0 241.0 0.0342742400004 10765.72576 
415.0 236.0 0.0181200000005 10781.88 
471.0 266.0 0.0498305600006 10750.16944 
441.0 351.0 0.0282720000002 10771.728 
471.0 330.0 0.01755116 10782.44884 
461.0 344.0 0.0236248000004 10776.3752 
452.0 326.0 0.0187000000005 10781.3 
428.0 483.0 0.0287552000006 10771.2448 
436.0 412.0 0.0183000000005 10781.7 
459.0 435.0 0.0192568800002 10780.74312 
417.0 455.0 0.0716103999998 10728.3896 
