250.0 250.0
223.0 237.0 0.059489200001 10740.5108 
266.0 301.0 0.0588859600013 10741.11404 
208.0 144.0 0.0484638800002 10751.53612 
141.0 76.0 0.0246600000007 10775.34 
72.0 142.0 0.0311800000009 10768.82 
12.0 125.0 0.0387282000006 10761.2718 
50.0 158.0 0.0492960000007 10750.704 
38.0 142.0 0.0675136000007 10732.4864 
49.0 217.0 0.00598000000017 10794.02 
46.0 274.0 0.0448808000002 10755.1192 
38.0 249.0 0.0262342000002 10773.7658 
97.0 268.0 0.103081600001 10696.9184 
62.0 321.0 0.0196000000005 10780.4 
51.0 361.0 0.00680000000018 10793.2 
33.0 333.0 0.0264360000001 10773.564 
38.0 362.0 0.0412073600005 10758.79264 
7.0 444.0 0.0336914000006 10766.3086 
91.0 417.0 0.0198200000005 10780.18 
40.0 440.0 0.0762383600012 10723.76164 
76.0 449.0 0.0826703600011 10717.32964 
144.0 42.0 0.0299227200004 10770.07728 
149.0 21.0 0.0454068800002 10754.59312 
157.0 59.0 0.0514322000011 10748.5678 
104.0 78.0 0.0227756799998 10777.22432 
145.0 151.0 0.0218400000006 10778.16 
201.0 193.0 0.0554288000004 10744.5712 
158.0 160.0 0.0762180800008 10723.78192 
134.0 201.0 0.0127200000004 10787.28 
150.0 250.0 0.0264124800004 10773.58752 
150.0 250.0 0.0272488800004 10772.75112 
171.0 266.0 0.0181600000005 10781.84 
148.0 254.0 0.0258591200006 10774.14088 
150.0 348.0 0.179494000001 10620.506 
126.0 378.0 0.102976960002 10697.02304 
173.0 379.0 0.103081600001 10696.9184 
139.0 306.0 0.0322000000009 10767.8 
184.0 440.0 0.103081600001 10696.9184 
146.0 475.0 0.103081600001 10696.9184 
187.0 420.0 0.0502859200002 10749.71408 
150.0 399.0 0.0393630400008 10760.63696 
249.0 48.0 0.0503863200009 10749.61368 
260.0 79.0 0.140740680002 10659.25932 
257.0 65.0 0.115793800002 10684.2062 
237.0 62.0 0.0462651200008 10753.73488 
254.0 159.0 0.0787600000022 10721.24 
224.0 154.0 0.083749000002 10716.251 
251.0 112.0 0.353615280003 10446.38472 
229.0 141.0 0.0778680000017 10722.132 
275.0 246.0 0.0248474000005 10775.1526 
246.0 294.0 0.180878400001 10619.1216 
229.0 252.0 0.0761976000014 10723.8024 
217.0 209.0 0.0598785200009 10740.12148 
260.0 337.0 0.0799832000014 10720.0168 
283.0 318.0 0.0702664000011 10729.7336 
230.0 381.0 0.00586000000016 10794.14 
256.0 322.0 0.0576561600013 10742.34384 
260.0 459.0 0.0165003200003 10783.49968 
248.0 447.0 0.0128600000004 10787.14 
262.0 397.0 0.0208616000001 10779.1384 
232.0 480.0 0.0304526000001 10769.5474 
63.0 44.0 0.103081600001 10696.91840 
234.0 151.0 0.0308120000007 10769.188 
285.0 111.0 0.23194268 10568.05732 
330.0 53.0 0.103081600001 10696.9184 
361.0 150.0 0.0120600000003 10787.94 
335.0 115.0 0.0346128000008 10765.3872 
317.0 121.0 0.113338880001 10686.66112 
347.0 122.0 0.0406076400005 10759.39236 
339.0 356.0 0.0297530000003 10770.247 
360.0 278.0 0.0231892000005 10776.8108 
355.0 262.0 0.0830041600006 10716.99584 
334.0 217.0 0.0128800000004 10787.12 
400.0 369.0 0.103081600001 10696.9184
347.0 335.0 0.103081600001 10696.9184 
359.0 331.0 0.0202110400005 10779.78896 
357.0 321.0 0.0118800000003 10788.12 
358.0 441.0 0.00602000000017 10793.98 
360.0 477.0 0.021672 10778.328 
351.0 456.0 0.00602000000017 10793.98 
346.0 471.0 0.00602000000017 10793.98 
280.0 218.0 0.0280214400001 10771.97856 
45.0 106.0 0.0507490000007 10749.251 
423.0 66.0 0.0433204000001 10756.6796 
457.0 61.0 0.103081600001 10696.9184 
445.0 107.0 0.0461528000012 10753.8472 
447.0 133.0 0.0239800000007 10776.02 
473.0 146.0 0.0343904000005 10765.6096 
475.0 142.0 0.0340832000004 10765.9168 
8.0 181.0 0.0470566400006 10752.94336 
445.0 272.0 0.0410638000002 10758.9362 
472.0 233.0 0.02368864 10776.31136 
442.0 232.0 0.0123000000003 10787.7 
441.0 363.0 0.0123800000003 10787.62 
414.0 310.0 0.00598000000017 10794.02 
478.0 363.0 0.0291365600001 10770.86344 
457.0 348.0 0.0184021200002 10781.59788 
436.0 452.0 0.0389170400005 10761.08296 
481.0 457.0 0.0450160000006 10754.984 
431.0 470.0 0.0250862800002 10774.91372 
411.0 439.0 0.0193200000005 10780.68 
