250.0 250.0
226.0 170.0 0.200999200003 10599.0008 
259.0 124.0 0.0484410000006 10751.559 
155.0 186.0 0.237776960001 10562.22304 
200.0 128.0 0.0902392000013 10709.7608 
227.0 70.0 0.0195200000005 10780.48 
80.0 190.0 0.0128800000004 10787.12 
29.0 152.0 0.0342755200004 10765.72448 
59.0 168.0 0.0431680000006 10756.832 
83.0 255.0 0.0350144400005 10764.98556 
96.0 263.0 0.0880879999997 10711.912 
60.0 247.0 0.0519256000007 10748.0744 
22.0 255.0 0.103081600001 10696.9184 
83.0 316.0 0.0189000000005 10781.1 
70.0 358.0 0.0753487200009 10724.65128 
64.0 381.0 0.0267650000005 10773.235 
44.0 316.0 0.0370911600004 10762.90884 
40.0 461.0 0.0425980000002 10757.402 
78.0 462.0 0.0186600000005 10781.34 
16.0 454.0 0.0413554000005 10758.6446 
48.0 435.0 0.0652746800006 10734.72532 
132.0 40.0 0.0317110000003 10768.289 
134.0 45.0 0.0290576800002 10770.94232 
159.0 56.0 0.0193000000005 10780.7 
110.0 55.0 0.0503338400004 10749.66616 
114.0 161.0 0.0742749600013 10725.72504 
168.0 155.0 0.105989200001 10694.0108 
133.0 150.0 0.091605600002 10708.3944 
160.0 121.0 0.0548792000007 10745.1208 
162.0 250.0 0.0490000000014 10751.0 
146.0 250.0 0.0520515200012 10747.94848 
133.0 272.0 0.0193200000005 10780.68 
160.0 227.0 0.131960640002 10668.03936 
136.0 153.0 0.0919520000017 10708.048 
137.0 374.0 0.00626000000017 10793.74 
164.0 328.0 0.103081600001 10696.9184 
132.0 371.0 0.00668568000011 10793.31432 
156.0 439.0 0.0277148400001 10772.28516 
160.0 435.0 0.0248719600006 10775.12804 
182.0 430.0 0.0185400000005 10781.46 
145.0 437.0 0.03629336 10763.70664 
270.0 41.0 0.00672000000018 10793.28 
222.0 14.0 0.0573056000005 10742.6944 
235.0 23.0 0.0564691200003 10743.53088 
256.0 50.0 0.0576896000002 10742.3104 
253.0 161.0 0.191677520003 10608.32248 
251.0 152.0 0.0394314000008 10760.5686 
229.0 155.0 0.073964960002 10726.03504 
250.0 133.0 0.0957094000017 10704.2906 
250.0 240.0 0.0708400000015 10729.16 
248.0 204.0 0.3238864 10476.1136 
270.0 235.0 0.0777650000017 10722.235 
244.0 267.0 0.0228620000002 10777.138 
261.0 360.0 0.0304548000007 10769.5452 
221.0 342.0 0.0568222800006 10743.17772 
224.0 358.0 0.0274848000004 10772.5152 
257.0 337.0 0.0180600000005 10781.94 
298.0 288.0 0.0563200000016 10743.68 
247.0 446.0 0.0238500000001 10776.15 
256.0 435.0 0.0125000000003 10787.5 
243.0 452.0 0.0194552000005 10780.5448 
356.0 63.0 0.0266260000004 10773.374 
324.0 43.0 0.0205552800004 10779.44472 
333.0 52.0 0.0185400000005 10781.46 
346.0 31.0 0.0259820000006 10774.018 
351.0 160.0 0.0196000000005 10780.4 
349.0 152.0 0.0204404800006 10779.55952 
372.0 162.0 0.0383838000002 10761.6162 
366.0 139.0 0.0279892000006 10772.0108 
332.0 227.0 0.0559827200005 10744.01728 
361.0 243.0 0.100069000002 10699.931 
343.0 280.0 0.249812280001 10550.18772 
318.0 267.0 0.101378920002 10698.62108 
368.0 315.0 0.210056000001 10589.944 
375.0 347.0 0.0704406800015 10729.55932 
356.0 349.0 0.0592640000011 10740.736 
358.0 335.0 0.0685400000019 10731.46 
358.0 431.0 0.0179800000005 10782.02 
346.0 470.0 0.0256336000001 10774.3664 
375.0 450.0 0.0198600000003 10780.14 
360.0 447.0 0.0152112 10784.7888 
351.0 377.0 0.0527810400007 10747.21896 
444.0 44.0 0.0374220800003 10762.57792 
446.0 33.0 0.0 10800.0 
452.0 84.0 0.0768910399999 10723.10896 
436.0 128.0 0.0246000000007 10775.4 
428.0 191.0 0.0 10800.0 
459.0 125.0 0.0311636000007 10768.8364 
466.0 153.0 0.0321820000001 10767.818 
467.0 248.0 0.00612000000017 10793.88 
420.0 282.0 0.0191000000005 10780.9 
447.0 259.0 0.00612000000017 10793.88 
473.0 243.0 0.0175276800003 10782.47232 
427.0 322.0 0.0944918000006 10705.5082 
458.0 344.0 0.0501116000004 10749.8884 
433.0 377.0 0.103081600001 10696.9184 
459.0 353.0 0.0551612000004 10744.8388 
452.0 426.0 0.0195190000006 10780.481 
454.0 453.0 0.0284560000003 10771.544 
473.0 464.0 0.0462597600003 10753.74024 
450.0 427.0 0.0194600000005 10780.54 
