250.0 250.0
213.0 166.0 0.0122400000003 10787.76 
289.0 226.0 0.0896920400018 10710.30796 
288.0 266.0 0.0749080000012 10725.092 
250.0 354.0 0.0372328000004 10762.7672 
238.0 233.0 0.0742141600015 10725.78584 
332.0 188.0 0.1236296 10676.3704 
241.0 134.0 0.0466732800009 10753.32672 
362.0 281.0 0.080064000002 10719.936 
228.0 231.0 0.0736250000015 10726.375 
260.0 274.0 0.160740320001 10639.25968 
145.0 193.0 0.0481560000006 10751.844 
57.0 216.0 0.0490392000008 10750.9608 
320.0 146.0 0.129498400002 10670.5016 
76.0 163.0 0.160740320001 10639.25968 
154.0 116.0 0.179226999999 10620.773 
275.0 308.0 0.207161520003 10592.83848 
347.0 185.0 0.0487102400008 10751.28976 
165.0 299.0 0.143988240002 10656.01176 
414.0 231.0 0.0428400000012 10757.16 
167.0 328.0 0.115510000001 10684.49 
435.0 272.0 0.145838960001 10654.16104 
160.0 45.0 0.0185998400003 10781.40016 
158.0 47.0 0.0844436000008 10715.5564 
125.0 76.0 0.158922840002 10641.07716 
140.0 110.0 0.0585625600016 10741.43744 
161.0 160.0 0.037500000001 10762.5 
110.0 135.0 0.160740320001 10639.25968 
146.0 176.0 0.0125568000001 10787.4432 
132.0 241.0 0.0815022400016 10718.49776 
171.0 281.0 0.073500000002 10726.5 
152.0 254.0 0.1478912 10652.1088 
139.0 268.0 0.0500402000007 10749.9598 
152.0 347.0 0.0783592400015 10721.64076 
159.0 354.0 0.0986768000008 10701.3232 
181.0 322.0 0.128003120001 10671.99688 
143.0 364.0 0.059269120001 10740.73088 
131.0 224.0 0.0781429600016 10721.85704 
155.0 460.0 0.0139763200003 10786.02368 
152.0 453.0 0.0132200000004 10786.78 
166.0 484.0 0.0287237999998 10771.2762 
150.0 402.0 0.0552080000006 10744.792 
243.0 41.0 0.0268354000002 10773.1646 
243.0 39.0 0.02738864 10772.61136 
275.0 52.0 0.0125000000003 10787.5 
243.0 164.0 0.162620000002 10637.38 
275.0 188.0 0.0915689200024 10708.43108 
240.0 142.0 0.0429278800011 10757.07212 
252.0 150.0 0.0721781600013 10727.82184 
262.0 206.0 0.2447904 10555.2096 
228.0 254.0 0.0746000000021 10725.4 
265.0 247.0 0.120295600003 10679.7044 
265.0 214.0 0.0758304800015 10724.16952 
256.0 351.0 0.0974380000017 10702.562 
261.0 340.0 0.0873624000016 10712.6376 
226.0 367.0 0.0549473600005 10745.05264 
249.0 327.0 0.113284640002 10686.71536 
233.0 448.0 0.0128200000004 10787.18 
239.0 488.0 0.0339112000005 10766.0888 
257.0 464.0 0.0224267999999 10777.5732 
236.0 447.0 0.0128200000004 10787.18 
365.0 50.0 0.0398496000007 10760.1504 
351.0 49.0 0.0314400000008 10768.56 
381.0 39.0 0.0621630000011 10737.837 
354.0 53.0 0.0311400000009 10768.86 
363.0 134.0 0.03853452 10761.46548 
330.0 148.0 0.102775360002 10697.22464 
328.0 150.0 0.126424800002 10673.5752 
353.0 157.0 0.0541952000009 10745.8048 
338.0 214.0 0.0438600000012 10756.14 
342.0 284.0 0.132422680004 10667.57732 
338.0 275.0 0.072720000002 10727.28 
366.0 276.0 0.0227050000002 10777.295 
328.0 331.0 0.425921200003 10374.0788 
360.0 391.0 0.177946760003 10622.05324 
356.0 362.0 0.317000600003 10482.9994 
380.0 342.0 0.0678328000014 10732.1672 
373.0 414.0 0.133730480003 10666.26952 
365.0 448.0 0.091582400001 10708.4176 
357.0 427.0 0.0601310000014 10739.869 
349.0 431.0 0.0654984000012 10734.5016 
468.0 65.0 0.00656000000018 10793.44 
415.0 44.0 0.0411036800007 10758.89632 
478.0 45.0 0.0131200000004 10786.88 
407.0 36.0 0.0461520000008 10753.848 
457.0 166.0 0.0171734399999 10782.82656 
443.0 138.0 0.0117600000003 10788.24 
429.0 148.0 0.00534000000015 10794.66 
483.0 149.0 0.0285176400002 10771.48236 
454.0 257.0 0.0634726400007 10736.52736 
473.0 271.0 0.0720888000011 10727.9112 
467.0 236.0 0.0356657600006 10764.33424 
447.0 234.0 0.0584852800007 10741.51472 
442.0 384.0 0.160740320001 10639.25968 
435.0 329.0 0.00594000000017 10794.06 
461.0 314.0 0.0656072000007 10734.3928 
460.0 298.0 0.0589366800007 10741.06332 
472.0 468.0 0.0294739199998 10770.52608 
409.0 462.0 0.0450968000003 10754.9032 
465.0 441.0 0.00672000000018 10793.28 
435.0 450.0 0.00672000000018 10793.28 
