250.0 250.0
210.0 229.0 0.718425800008 10081.5742 
197.0 200.0 0.290710400005 10509.2896 
255.0 276.0 0.0457722000008 10754.2278 
273.0 236.0 0.0882600000023 10711.74 
251.0 269.0 0.0412191200009 10758.78088 
175.0 318.0 0.0818200000023 10718.18 
189.0 376.0 0.223709280003 10576.29072 
277.0 276.0 0.0540554000007 10745.9446 
141.0 240.0 0.200914240005 10599.08576 
74.0 248.0 0.248114800003 10551.8852 
59.0 246.0 0.0733629600017 10726.63704 
61.0 230.0 0.077162000002 10722.838 
219.0 224.0 0.0699168800011 10730.08312 
180.0 347.0 0.159483760003 10640.51624 
73.0 324.0 0.0590949200007 10740.90508 
96.0 351.0 0.0543400000004 10745.66 
167.0 210.0 0.555312000005 10244.688 
140.0 325.0 0.118819280002 10681.18072 
108.0 198.0 0.0614940800006 10738.50592 
39.0 412.0 0.118819280002 10681.18072 
55.0 242.0 0.0690875200014 10730.91248 
106.0 414.0 0.0122400000003 10787.76 
54.0 288.0 0.0822600000015 10717.74 
88.0 450.0 0.0333000000004 10766.7 
161.0 150.0 0.0711140000008 10728.886 
184.0 169.0 0.186850800002 10613.1492 
130.0 151.0 0.0312475200003 10768.75248 
165.0 146.0 0.0531708000009 10746.8292 
115.0 255.0 0.288645600004 10511.3544 
136.0 231.0 0.196507400003 10603.4926 
154.0 258.0 0.441593560006 10358.40644 
173.0 253.0 0.410123000005 10389.877 
188.0 332.0 0.315028960003 10484.97104 
146.0 314.0 0.144978440003 10655.02156 
181.0 334.0 0.155363080003 10644.63692 
165.0 385.0 0.0772205600018 10722.77944 
153.0 453.0 0.0558620000006 10744.138 
159.0 417.0 0.0379840000008 10762.016 
174.0 415.0 0.105240480002 10694.75952 
122.0 444.0 0.0321108800004 10767.88912 
278.0 332.0 0.073300000002 10726.7 
77.0 197.0 0.0458400000007 10754.16 
144.0 241.0 0.235437600005 10564.5624 
110.0 208.0 0.159061600003 10640.9384 
264.0 181.0 0.0187400000005 10781.26 
264.0 140.0 0.0338006000003 10766.1994 
273.0 143.0 0.0301160000005 10769.884 
257.0 155.0 0.0367980000007 10763.202 
226.0 223.0 0.296585200005 10503.4148 
263.0 229.0 0.0874684000023 10712.5316 
247.0 236.0 0.189517800005 10610.4822 
264.0 250.0 0.0762352000021 10723.7648 
246.0 349.0 0.0729127200018 10727.08728 
226.0 342.0 0.128793440001 10671.20656 
231.0 340.0 0.181505000002 10618.495 
264.0 334.0 0.0667200000019 10733.28 
221.0 452.0 0.0381320000006 10761.868 
253.0 428.0 0.0217792400004 10778.22076 
267.0 485.0 0.118819280002 10681.18072 
264.0 424.0 0.0122600000003 10787.74 
39.0 237.0 0.0822425600013 10717.75744 
112.0 314.0 0.109950240001 10690.04976 
343.0 73.0 0.0301200000008 10769.88 
375.0 47.0 0.156528 10643.472 
339.0 117.0 0.0491316800003 10750.86832 
356.0 127.0 0.0367507600007 10763.24924 
329.0 160.0 0.0189400000005 10781.06 
327.0 137.0 0.0387434800005 10761.25652 
349.0 235.0 0.038040000001 10761.96 
346.0 280.0 0.118819280002 10681.18072 
389.0 251.0 0.179811040001 10620.18896 
376.0 227.0 0.0485393200006 10751.46068 
371.0 347.0 0.074275840001 10725.72416 
343.0 340.0 0.0489804000014 10751.0196 
324.0 347.0 0.16055544 10639.44456 
349.0 357.0 0.0523770000013 10747.623 
350.0 444.0 0.036560000001 10763.44 
350.0 458.0 0.0389276800011 10761.07232 
355.0 445.0 0.0369104800006 10763.08952 
378.0 433.0 0.0974018000018 10702.5982 
456.0 88.0 0.0901112800011 10709.88872 
439.0 37.0 0.0464572800008 10753.54272 
417.0 67.0 0.176172000002 10623.828 
468.0 83.0 0.0201677200005 10779.83228 
461.0 164.0 0.0556994400007 10744.30056 
412.0 140.0 0.0189200000005 10781.08 
436.0 155.0 0.0618498400005 10738.15016 
453.0 137.0 0.0290152400001 10770.98476 
460.0 276.0 0.064874080001 10735.12592 
430.0 250.0 0.160250960001 10639.74904 
438.0 266.0 0.0483560000014 10751.644 
467.0 249.0 0.0611932000012 10738.8068 
474.0 370.0 0.0479940800002 10752.00592 
439.0 337.0 0.0245200000007 10775.48 
457.0 349.0 0.0302108800006 10769.78912 
453.0 374.0 0.0620904000003 10737.9096 
424.0 436.0 0.129050000001 10670.95 
466.0 403.0 0.0369224000006 10763.0776 
435.0 453.0 0.034720400001 10765.2796 
442.0 444.0 0.0339656000005 10766.0344 
