250.0 250.0
176.0 256.0 0.0121000000003 10787.9 
213.0 182.0 0.0121000000003 10787.9 
137.0 150.0 0.0072868799998 10792.71312 
89.0 290.0 0.0433758400012 10756.62416 
163.0 351.0 0.0433758400012 10756.62416 
193.0 367.0 0.046222080001 10753.77792 
145.0 150.0 0.00646000000018 10793.54 
151.0 251.0 0.0203160000003 10779.684 
140.0 356.0 0.048295600001 10751.7044 
157.0 456.0 0.189757600001 10610.2424 
171.0 349.0 0.189757600001 10610.2424 
255.0 149.0 0.0140520000004 10785.948 
240.0 252.0 0.0140520000004 10785.948 
250.0 351.0 0.140511600001 10659.4884 
251.0 450.0 0.189757600001 10610.2424 
139.0 249.0 0.0284920799999 10771.50792 
350.0 146.0 0.0284920799999 10771.50792 
344.0 251.0 0.140511600001 10659.4884 
257.0 320.0 0.0421600000012 10757.84 
220.0 350.0 0.150732080001 10649.26792 
298.0 370.0 0.140511600001 10659.4884 
448.0 155.0 0.0632186800011 10736.78132 
444.0 242.0 0.0632186800011 10736.78132 
244.0 368.0 0.0632186800011 10736.78132 
266.0 266.0 0.0190488000001 10780.9512 
