250.0 250.0
299.0 282.0 0.222899680004 10577.10032 
287.0 252.0 0.25578444 10544.21556 
277.0 317.0 0.137784640002 10662.21536 
271.0 343.0 0.137784640002 10662.21536 
202.0 280.0 0.0184600000005 10781.54 
175.0 262.0 0.0502910800007 10749.70892 
260.0 248.0 0.0766902400021 10723.30976 
152.0 256.0 0.0316234000007 10768.3766 
142.0 348.0 0.0920961600015 10707.90384 
289.0 213.0 0.0920961600015 10707.90384 
185.0 291.0 0.0297896000009 10770.2104 
255.0 153.0 0.0297896000009 10770.2104 
246.0 244.0 0.0690297600019 10730.97024 
243.0 347.0 0.0873353600007 10712.66464 
100.0 241.0 0.0873353600007 10712.66464 
197.0 357.0 0.0453065600004 10754.69344 
344.0 149.0 0.0453065600004 10754.69344 
361.0 250.0 0.0453065600004 10754.69344 
357.0 342.0 0.0557204000006 10744.2796 
347.0 353.0 0.0544912000007 10745.5088 
125.0 182.0 0.0544912000007 10745.5088 
323.0 315.0 0.137737200002 10662.2628 
449.0 254.0 0.0544912000007 10745.5088 
447.0 353.0 0.0544912000007 10745.5088 
445.0 449.0 0.0544912000007 10745.5088 
