250.0 250.0
277.0 287.0 0.0815033600003 10718.49664 
256.0 251.0 0.0245225200003 10775.47748 
337.0 203.0 0.030216 10769.784 
284.0 175.0 0.0613489600001 10738.65104 
172.0 218.0 0.0613489600001 10738.65104 
208.0 336.0 0.00618000000017 10793.82 
157.0 150.0 0.0613489600001 10738.65104 
141.0 252.0 0.222899680004 10577.10032 
139.0 353.0 0.0405747200007 10759.42528 
147.0 449.0 0.222899680004 10577.10032 
309.0 287.0 0.0316672000005 10768.3328 
247.0 144.0 0.0473984000002 10752.6016 
251.0 245.0 0.0303488800005 10769.65112 
246.0 346.0 0.0252638399997 10774.73616 
244.0 450.0 0.137737200002 10662.2628 
227.0 260.0 0.0193976800002 10780.60232 
346.0 146.0 0.137737200002 10662.2628 
351.0 253.0 0.137737200002 10662.2628 
363.0 344.0 0.0180800000005 10781.92 
294.0 216.0 0.0180800000005 10781.92 
221.0 96.0 0.137737200002 10662.2628 
444.0 158.0 0.137737200002 10662.2628 
449.0 263.0 0.137737200002 10662.2628 
452.0 341.0 0.222899680004 10577.10032 
442.0 436.0 0.0473984000002 10752.6016 
