250.0 250.0
270.0 198.0 0.0314960000005 10768.504 
178.0 192.0 0.0314960000005 10768.504 
184.0 200.0 0.0303200000008 10769.68 
157.0 166.0 0.112611200001 10687.3888 
122.0 136.0 0.0568900000006 10743.11 
153.0 56.0 0.0568900000006 10743.11 
146.0 137.0 0.0428088000007 10757.1912 
146.0 252.0 0.0212534 10778.7466 
150.0 344.0 0.0212534 10778.7466 
158.0 186.0 0.0405747200007 10759.42528 
93.0 59.0 0.0405747200007 10759.42528 
258.0 148.0 0.0405747200007 10759.42528 
246.0 253.0 0.00695100000018 10793.049 
247.0 351.0 0.112611200001 10687.3888 
253.0 435.0 0.0405747200007 10759.42528 
210.0 59.0 0.0405747200007 10759.42528 
356.0 153.0 0.0405747200007 10759.42528 
339.0 246.0 0.0405747200007 10759.42528 
174.0 271.0 0.00646000000018 10793.54 
349.0 444.0 0.112611200001 10687.3888 
394.0 236.0 0.0314960000005 10768.504 
452.0 155.0 0.112611200001 10687.3888 
460.0 259.0 0.112611200001 10687.3888 
452.0 348.0 0.0314960000005 10768.504 
439.0 443.0 0.112611200001 10687.3888 
