250.0 250.0
209.0 221.0 0.156547600002 10643.4524 
265.0 238.0 0.0101151600001 10789.88484 
269.0 197.0 0.0179600000005 10782.04 
246.0 178.0 0.0620487999999 10737.9512 
129.0 245.0 0.0297946400003 10770.20536 
190.0 310.0 0.156547600002 10643.4524 
145.0 152.0 0.156547600002 10643.4524 
158.0 254.0 0.0627865600014 10737.21344 
156.0 348.0 0.0627865600014 10737.21344 
259.0 287.0 0.0545440000007 10745.456 
362.0 226.0 0.0204874800003 10779.51252 
256.0 146.0 0.0633457600005 10736.65424 
243.0 242.0 0.0697338000025 10730.2662 
253.0 348.0 0.0447845200002 10755.21548 
255.0 446.0 0.156547600002 10643.4524 
209.0 144.0 0.0447845200002 10755.21548 
357.0 147.0 0.0447845200002 10755.21548 
340.0 253.0 0.00598000000017 10794.02 
358.0 346.0 0.0697338000025 10730.2662 
351.0 451.0 0.156547600002 10643.4524 
180.0 231.0 0.0919110400017 10708.08896 
449.0 154.0 0.156547600002 10643.4524 
447.0 251.0 0.0697338000025 10730.2662 
449.0 352.0 0.156547600002 10643.4524 
452.0 446.0 0.0697338000025 10730.2662 
