250.0 250.0
195.0 191.0 0.156547600002 10643.4524 
265.0 180.0 0.0480152000014 10751.9848 
257.0 196.0 0.191047560002 10608.95244 
273.0 117.0 0.0388568800006 10761.14312 
346.0 126.0 0.0168503999999 10783.1496 
200.0 167.0 0.156547600002 10643.4524 
151.0 152.0 0.0388568800006 10761.14312 
153.0 254.0 0.0480152000014 10751.9848 
154.0 350.0 0.156547600002 10643.4524 
156.0 445.0 0.105517280001 10694.48272 
252.0 54.0 0.0480152000014 10751.9848 
251.0 150.0 0.105517280001 10694.48272 
254.0 244.0 0.0593502400016 10740.64976 
254.0 341.0 0.0480152000014 10751.9848 
245.0 447.0 0.156547600002 10643.4524 
348.0 47.0 0.0480152000014 10751.9848 
358.0 154.0 0.00590000000017 10794.1 
353.0 258.0 0.105517280001 10694.48272 
345.0 349.0 0.105517280001 10694.48272 
345.0 445.0 0.0388568800006 10761.14312 
74.0 410.0 0.0480152000014 10751.9848 
456.0 144.0 0.105517280001 10694.48272 
302.0 80.0 0.0480152000014 10751.9848 
421.0 401.0 0.0480152000014 10751.9848 
447.0 451.0 0.105517280001 10694.48272 
