250.0 250.0
212.0 217.0 0.0454486400004 10754.55136 
238.0 226.0 0.0329040000007 10767.096 
317.0 279.0 0.04287596 10757.12404 
189.0 170.0 0.00578000000016 10794.22 
247.0 127.0 0.0201886400002 10779.81136 
160.0 212.0 0.00658000000018 10793.42 
150.0 154.0 0.0263221200001 10773.67788 
144.0 245.0 0.0242801999999 10775.7198 
152.0 344.0 0.112611200001 10687.3888 
225.0 384.0 0.112611200001 10687.3888 
246.0 57.0 0.112611200001 10687.3888 
245.0 152.0 0.0125400000003 10787.46 
247.0 240.0 0.0267229200001 10773.27708 
247.0 349.0 0.0431720000004 10756.828 
247.0 447.0 0.0431720000004 10756.828 
333.0 486.0 0.0457742400004 10754.22576 
342.0 152.0 0.0457742400004 10754.22576 
343.0 247.0 0.0431720000004 10756.828 
353.0 353.0 0.0431720000004 10756.828 
338.0 449.0 0.0431720000004 10756.828 
301.0 189.0 0.0177400000005 10782.26 
298.0 275.0 0.0177400000005 10782.26 
209.0 123.0 0.0401500400002 10759.84996 
154.0 394.0 0.0401500400002 10759.84996 
297.0 317.0 0.0457742400004 10754.22576 
