250.0 250.0
222.0 224.0 0.209478400002 10590.5216 
298.0 197.0 0.00576000000016 10794.24 
241.0 299.0 0.0779651200006 10722.03488 
287.0 157.0 0.0255859200002 10774.41408 
194.0 176.0 0.0817209200015 10718.27908 
323.0 356.0 0.00578000000016 10794.22 
147.0 159.0 0.0637937600004 10736.20624 
144.0 248.0 0.209478400002 10590.5216 
145.0 344.0 0.163595200003 10636.4048 
209.0 200.0 0.163595200003 10636.4048 
149.0 197.0 0.0452302000005 10754.7698 
249.0 152.0 0.00576000000016 10794.24 
253.0 245.0 0.0492697600013 10750.73024 
251.0 342.0 0.0410761600001 10758.92384 
284.0 103.0 0.0879017600016 10712.09824 
356.0 49.0 0.0192816000003 10780.7184 
339.0 149.0 0.0879017600016 10712.09824 
351.0 251.0 0.209478400002 10590.5216 
344.0 342.0 0.0131437200003 10786.85628 
352.0 449.0 0.0879017600016 10712.09824 
450.0 47.0 0.0879017600016 10712.09824 
378.0 73.0 0.00618000000017 10793.82 
181.0 226.0 0.0873784000014 10712.6216 
191.0 158.0 0.0879017600016 10712.09824 
448.0 442.0 0.163595200003 10636.4048 
