250.0 250.0
280.0 296.0 0.0466199600006 10753.38004 
200.0 316.0 0.156547600002 10643.4524 
190.0 352.0 0.0309200000009 10769.08 
333.0 339.0 0.00588000000016 10794.12 
207.0 396.0 0.0415920000002 10758.408 
408.0 365.0 0.00626000000017 10793.74 
165.0 338.0 0.0435440000006 10756.456 
148.0 254.0 0.156547600002 10643.4524 
150.0 356.0 0.0304280000006 10769.572 
158.0 452.0 0.0415920000002 10758.408 
114.0 291.0 0.156547600002 10643.4524 
254.0 157.0 0.0415920000002 10758.408 
248.0 263.0 0.0237695600003 10776.23044 
253.0 351.0 0.00652000000018 10793.48 
242.0 456.0 0.0415920000002 10758.408 
224.0 384.0 0.0375272000002 10762.4728 
348.0 151.0 0.156547600002 10643.4524 
357.0 255.0 0.0415920000002 10758.408 
349.0 360.0 0.01407672 10785.92328 
350.0 456.0 0.156547600002 10643.4524 
187.0 356.0 0.037212000001 10762.788 
419.0 440.0 0.00592000000017 10794.08 
448.0 250.0 0.156547600002 10643.4524 
443.0 350.0 0.0244139999998 10775.586 
448.0 450.0 0.0170614400002 10782.93856 
