250.0 250.0
161.0 225.0 0.0123200000003 10787.68 
111.0 163.0 0.0123200000003 10787.68 
223.0 258.0 0.0691083600012 10730.89164 
209.0 286.0 0.185447200003 10614.5528 
182.0 380.0 0.0764648799999 10723.53512 
165.0 304.0 0.00632000000017 10793.68 
146.0 147.0 0.185447200003 10614.552 
149.0 257.0 0.0210835200002 10778.91648 
147.0 347.0 0.0124600000003 10787.54 
149.0 448.0 0.00630000000017 10793.7 
152.0 248.0 0.0133200000003 10786.68 
249.0 152.0 0.0691083600012 10730.89164 
245.0 254.0 0.0615940800018 10738.40592 
255.0 351.0 0.0243312400004 10775.66876 
255.0 447.0 0.0691083600012 10730.89164 
208.0 415.0 0.0429046800005 10757.09532 
343.0 158.0 0.0691083600012 10730.89164 
344.0 244.0 0.185447200003 10614.552 
211.0 300.0 0.0589880000012 10741.012 
351.0 448.0 0.0691083600012 10730.89164 
100.0 466.0 0.185447200003 10614.552 
198.0 191.0 0.0719636800003 10728.03632 
239.0 330.0 0.0719636800003 10728.03632 
181.0 467.0 0.023751 10776.249 
448.0 447.0 0.185447200003 10614.552 
