250.0 250.0
189.0 297.0 0.104046400002 10695.9536 
198.0 248.0 0.159387200001 10640.6128 
227.0 293.0 0.207003840001 10592.99616 
185.0 159.0 0.0120800000003 10787.92 
262.0 212.0 0.0252230400001 10774.77696 
113.0 200.0 0.104046400002 10695.9536 
133.0 248.0 0.0346783600006 10765.32164 
327.0 206.0 0.0124000000003 10787.6 
80.0 316.0 0.104046400002 10695.9536 
320.0 241.0 0.0187000000005 10781.3 
218.0 243.0 0.0678393600014 10732.16064 
154.0 66.0 0.0131188799999 10786.88112 
156.0 159.0 0.0203982800004 10779.60172 
152.0 137.0 0.0389958000003 10761.0042 
162.0 248.0 0.0740913600012 10725.90864 
159.0 267.0 0.0606560000011 10739.344 
154.0 352.0 0.104046400002 10695.9536 
146.0 377.0 0.104046400002 10695.9536 
151.0 460.0 0.0154287599998 10784.57124 
129.0 443.0 0.00606000000017 10793.94 
228.0 36.0 0.0142178400002 10785.78216 
243.0 58.0 0.00588000000016 10794.12 
272.0 145.0 0.01134392 10788.65608 
253.0 144.0 0.00658000000018 10793.42 
245.0 247.0 0.0501015200011 10749.89848 
238.0 271.0 0.0683272000016 10731.6728 
259.0 360.0 0.0296986000004 10770.3014 
257.0 329.0 0.101687520001 10698.31248 
250.0 456.0 0.00739439999992 10792.6056 
259.0 454.0 0.00632000000017 10793.68 
173.0 81.0 0.00604000000017 10793.96 
168.0 182.0 0.0120800000003 10787.92 
346.0 141.0 0.0110208000004 10788.9792 
354.0 157.0 0.00672000000018 10793.28 
359.0 257.0 0.0475702000006 10752.4298 
346.0 249.0 0.0435320000006 10756.468 
364.0 339.0 0.0144074400002 10785.59256 
341.0 336.0 0.00694000000019 10793.06 
350.0 446.0 0.00630000000017 10793.7 
354.0 457.0 0.00802620000011 10791.9738 
359.0 283.0 0.0423520000005 10757.648 
104.0 100.0 0.104046400002 10695.9536 
447.0 160.0 0.0423520000005 10757.648 
450.0 150.0 0.104046400002 10695.9536 
432.0 234.0 0.00604000000017 10793.96 
449.0 232.0 0.00957944000031 10790.42056 
440.0 337.0 0.00656000000018 10793.44 
450.0 346.0 0.00893471999982 10791.06528 
446.0 456.0 0.0102672000001 10789.7328 
444.0 438.0 0.00620000000017 10793.8 
