250.0 250.0
278.0 293.0 0.258313600005 10541.6864 
331.0 354.0 0.112340160003 10687.65984 
411.0 331.0 0.298916000006 10501.084 
413.0 427.0 0.204513320001 10595.48668 
466.0 510.0 0.0465738000005 10753.4262 
329.0 384.0 0.133731840003 10666.26816 
302.0 305.0 0.477594880005 10322.40512 
431.0 437.0 0.0851428800008 10714.85712 
361.0 384.0 0.298244800003 10501.7552 
278.0 305.0 0.0998228800028 10700.17712 
476.0 386.0 0.109786040002 10690.21396 
446.0 396.0 0.150264880003 10649.73512 
323.0 239.0 0.104360000003 10695.64 
257.0 361.0 0.176949400002 10623.0506 
364.0 442.0 0.0409217600008 10759.07824 
286.0 269.0 0.485541880001 10314.45812 
168.0 337.0 0.0325843999998 10767.4156 
398.0 336.0 0.498745600003 10301.2544 
215.0 327.0 0.0550800000015 10744.92 
301.0 373.0 0.107437600002 10692.5624 
448.0 399.0 0.106291000003 10693.709 
280.0 394.0 0.169313040002 10630.68696 
108.0 300.0 0.106291000003 10693.709 
242.0 155.0 0.0325843999998 10767.4156 
250.0 250.0 0.0325843999998 10767.4156 
246.0 255.0 0.124826840004 10675.17316 
234.0 345.0 0.1462402 10653.7598 
240.0 355.0 0.103100760002 10696.89924 
243.0 436.0 0.0336668000007 10766.3332 
257.0 459.0 0.0427360000007 10757.264 
341.0 327.0 0.469008800006 10330.9912 
432.0 391.0 0.292122080004 10507.87792 
295.0 275.0 0.172229960005 10627.77004 
358.0 249.0 0.212578000005 10587.422 
368.0 268.0 0.355196000007 10444.804 
355.0 253.0 0.4360656 10363.9344 
343.0 342.0 0.178980520005 10621.01948 
341.0 342.0 0.200911000004 10599.089 
345.0 465.0 0.0793480000015 10720.652 
338.0 452.0 0.0903824000013 10709.6176 
410.0 290.0 0.646804640007 10153.19536 
378.0 470.0 0.0803198400016 10719.68016 
365.0 432.0 0.233034400003 10566.9656 
254.0 430.0 0.131953760001 10668.04624 
458.0 238.0 0.0755446000002 10724.455 
452.0 251.0 0.0755446000002 10724.455 
444.0 349.0 0.450049800004 10349.9502 
443.0 369.0 0.208592640004 10591.40736 
457.0 462.0 0.0755446000002 10724.4554 
443.0 461.0 0.0946388800017 10705.36112 
