250.0 250.0
231.0 173.0 0.167452000003 10632.548 
289.0 199.0 0.00654000000018 10793.46 
318.0 253.0 0.0126600000003 10787.34 
333.0 311.0 0.0702896400006 10729.71036 
206.0 195.0 0.357769280004 10442.23072 
203.0 119.0 0.00626000000017 10793.74 
301.0 336.0 0.0241400000007 10775.86 
294.0 88.0 0.104046400002 10695.9536 
263.0 166.0 0.0717662000011 10728.2338 
182.0 174.0 0.138147240003 10661.85276 
141.0 54.0 0.00624000000017 10793.76 
156.0 46.0 0.0098467199999 10790.15328 
147.0 143.0 0.0566343200005 10743.36568 
169.0 144.0 0.0434383600009 10756.56164 
141.0 258.0 0.00773375999992 10792.26624 
147.0 248.0 0.00608000000017 10793.92 
132.0 350.0 0.104046400002 10695.9536 
142.0 343.0 0.104046400002 10695.9536 
150.0 446.0 0.104046400002 10695.9536 
360.0 333.0 0.0446274800009 10755.37252 
247.0 40.0 0.104046400002 10695.9536 
245.0 43.0 0.00659360000009 10793.4064 
248.0 146.0 0.0799828000009 10720.0172 
239.0 156.0 0.0528030400013 10747.19696 
245.0 240.0 0.0614350000014 10738.565 
228.0 237.0 0.177941160004 10622.05884 
250.0 344.0 0.0119000000003 10788.1 
254.0 364.0 0.0117248000001 10788.2752 
261.0 435.0 0.00659360000009 10793.4064 
243.0 455.0 0.104046400002 10695.9536 
347.0 34.0 0.00838292000012 10791.61708 
343.0 45.0 0.00658000000018 10793.42 
347.0 156.0 0.00642000000018 10793.58 
348.0 154.0 0.00648420000025 10793.5158 
350.0 251.0 0.0453889600002 10754.61104 
367.0 251.0 0.0232326000002 10776.7674 
350.0 342.0 0.0536389600008 10746.36104 
338.0 347.0 0.0417216000003 10758.2784 
342.0 444.0 0.00616000000017 10793.84 
347.0 449.0 0.00677600000033 10793.224 
230.0 383.0 0.0266310000001 10773.369 
415.0 31.0 0.00659360000009 10793.4064 
225.0 104.0 0.0472683600006 10752.73164 
211.0 174.0 0.036000000001 10764.0 
459.0 256.0 0.00659360000009 10793.4064 
455.0 254.0 0.00634000000017 10793.66 
460.0 333.0 0.104046400002 10695.9536 
450.0 350.0 0.104046400002 10695.9536 
454.0 446.0 0.104046400002 10695.9536 
440.0 449.0 0.104046400002 10695.9536 
