250.0 250.0
260.0 198.0 0.211749800001 10588.2502 
251.0 119.0 0.0375624800005 10762.43752 
221.0 210.0 0.0454588400004 10754.54116 
263.0 262.0 0.0539088400015 10746.09116 
126.0 232.0 0.0262932000003 10773.7068 
55.0 263.0 0.211749800001 10588.2502 
47.0 352.0 0.0124200000003 10787.58 
42.0 351.0 0.01274968 10787.25032 
99.0 430.0 0.0220804800001 10777.91952 
48.0 445.0 0.211749800001 10588.2502 
121.0 400.0 0.00586000000016 10794.14 
6.0 348.0 0.0330555199998 10766.94448 
150.0 148.0 0.211749800001 10588.2502 
144.0 159.0 0.211749800001 10588.2502 
145.0 261.0 0.0206020800003 10779.39792 
157.0 239.0 0.0128400000004 10787.16 
146.0 352.0 0.00610000000017 10793.9 
151.0 358.0 0.00684420000012 10793.1558 
131.0 450.0 0.00586000000016 10794.14 
140.0 447.0 0.00586000000016 10794.14 
246.0 38.0 0.0134549999999 10786.545 
261.0 58.0 0.00598000000017 10794.02 
252.0 143.0 0.072620000002 10727.38 
248.0 165.0 0.132025360002 10667.97464 
235.0 243.0 0.0230529600004 10776.94704 
263.0 242.0 0.09151928 10708.48072 
258.0 358.0 0.00837144 10791.62856 
251.0 346.0 0.00604000000017 10793.96 
245.0 451.0 0.00756447999982 10792.43552 
249.0 441.0 0.00614000000017 10793.86 
335.0 53.0 0.00612000000017 10793.88 
333.0 52.0 0.00618120000024 10793.8188 
351.0 150.0 0.0120000000003 10788.0 
352.0 151.0 0.0120221600002 10787.97784 
367.0 249.0 0.0212591999998 10778.7408 
333.0 241.0 0.00618000000017 10793.82 
333.0 374.0 0.00592000000017 10794.08 
345.0 368.0 0.00805120000017 10791.9488 
336.0 440.0 0.00602000000017 10793.98 
360.0 451.0 0.01441188 10785.58812 
335.0 207.0 0.211749800001 10588.2502 
284.0 146.0 0.0433505200009 10756.64948 
450.0 140.0 0.0152591999998 10784.7408 
434.0 160.0 0.00660000000018 10793.4 
443.0 237.0 0.112611200001 10687.3888 
438.0 250.0 0.112611200001 10687.3888 
456.0 337.0 0.112611200001 10687.3888 
387.0 180.0 0.0403723200003 10759.62768 
449.0 423.0 0.00594000000017 10794.06 
450.0 456.0 0.0188891999998 10781.1108 
