250.0 250.0
296.0 270.0 0.107765000002 10692.235 
274.0 245.0 0.0642334000015 10735.7666 
214.0 219.0 0.0421610000005 10757.839 
307.0 153.0 0.0294759200004 10770.52408 
292.0 306.0 0.197595760002 10602.40424 
310.0 347.0 0.130686800002 10669.3132 
250.0 383.0 0.0144103200001 10785.58968 
287.0 301.0 0.0961441600021 10703.85584 
231.0 143.0 0.0385770000008 10761.423 
260.0 184.0 0.0314400000009 10768.56 
278.0 148.0 0.0731008000009 10726.8992 
347.0 427.0 0.0121000000003 10787.9 
141.0 132.0 0.011729 10788.271 
157.0 145.0 0.00634000000017 10793.66 
157.0 268.0 0.0514099200001 10748.59008 
156.0 248.0 0.00668000000018 10793.32 
153.0 351.0 0.00636943999987 10793.63056 
152.0 347.0 0.00616000000017 10793.84 
140.0 441.0 0.00652000000018 10793.48 
135.0 442.0 0.00685903999981 10793.14096 
247.0 72.0 0.00909000000025 10790.91 
249.0 55.0 0.0161346800002 10783.86532 
241.0 144.0 0.0616995200008 10738.30048 
237.0 150.0 0.0662732000004 10733.7268 
245.0 247.0 0.0823497600022 10717.65024 
250.0 267.0 0.0656527600003 10734.34724 
247.0 356.0 0.0117200000003 10788.28 
256.0 365.0 0.0078116000001 10792.1884 
231.0 446.0 0.0355410799999 10764.45892 
262.0 442.0 0.104046400002 10695.9536 
287.0 259.0 0.194462 10605.538 
260.0 81.0 0.0122800000003 10787.72 
362.0 153.0 0.104046400002 10695.9536 
364.0 150.0 0.104046400002 10695.9536 
340.0 258.0 0.104046400002 10695.9536 
360.0 254.0 0.104046400002 10695.9536 
344.0 347.0 0.0447395200007 10755.26048 
359.0 347.0 0.0613086400009 10738.69136 
351.0 445.0 0.0163432000004 10783.6568 
338.0 463.0 0.0282384400004 10771.76156 
190.0 420.0 0.00622000000017 10793.78 
203.0 284.0 0.11028784 10689.71216 
443.0 140.0 0.0106145599999 10789.38544 
438.0 157.0 0.00652000000018 10793.48 
437.0 240.0 0.00648000000018 10793.52 
440.0 264.0 0.0140616000001 10785.9384 
466.0 351.0 0.104046400002 10695.9536 
459.0 356.0 0.104046400002 10695.9536 
440.0 440.0 0.00602000000017 10793.98 
459.0 456.0 0.0134486800002 10786.55132 
