250.0 250.0
178.0 207.0 0.0293000000008 10770.7 
270.0 195.0 0.100897680001 10699.10232 
185.0 270.0 0.332141760002 10467.85824 
150.0 229.0 0.0390136000004 10760.9864 
224.0 271.0 0.28408888 10515.91112 
247.0 196.0 0.0839816000015 10716.0184 
258.0 238.0 0.127685120003 10672.31488 
291.0 223.0 0.0739080000013 10726.092 
279.0 224.0 0.14751096 10652.48904 
197.0 295.0 0.088125080002 10711.87492 
190.0 308.0 0.147039360002 10652.96064 
127.0 275.0 0.147039360002 10652.96064 
140.0 151.0 0.0430818000007 10756.9182 
160.0 135.0 0.0385036000008 10761.4964 
147.0 246.0 0.0957864000019 10704.2136 
153.0 251.0 0.101846200002 10698.1538 
159.0 345.0 0.0962692000005 10703.7308 
147.0 337.0 0.0212859200002 10778.71408 
157.0 420.0 0.0212859200002 10778.71408 
142.0 456.0 0.0212859200002 10778.71408 
131.0 526.0 0.0212859200002 10778.71408 
294.0 151.0 0.00630000000017 10793.7 
265.0 171.0 0.0512963200009 10748.70368 
256.0 139.0 0.0323830000005 10767.617 
247.0 248.0 0.0982269200025 10701.77308 
251.0 255.0 0.116805760003 10683.19424 
263.0 343.0 0.116805760003 10683.19424 
243.0 344.0 0.116805760003 10683.19424 
253.0 435.0 0.00552000000016 10794.48 
241.0 439.0 0.00728640000023 10792.7136 
174.0 160.0 0.106766 10693.234 
177.0 230.0 0.119801920002 10680.19808 
348.0 145.0 0.00733116000027 10792.66884 
352.0 154.0 0.00614000000017 10793.86 
360.0 246.0 0.00592000000017 10794.08 
365.0 246.0 0.00621600000015 10793.784 
349.0 359.0 0.0132000000004 10786.8 
359.0 356.0 0.00806315999989 10791.93684 
359.0 452.0 0.00816064000028 10791.83936 
358.0 441.0 0.00656000000018 10793.44 
351.0 384.0 0.01485764 10785.14236 
252.0 247.0 0.0921991200024 10707.80088 
116.0 159.0 0.0921991200024 10707.80088 
425.0 130.0 0.0921991200024 10707.80088 
447.0 258.0 0.00713988000014 10792.86012 
437.0 257.0 0.00594000000017 10794.06 
448.0 358.0 0.00596000000017 10794.04 
463.0 347.0 0.01008432 10789.91568 
440.0 443.0 0.00683799999981 10793.162 
435.0 444.0 0.00650000000018 10793.5 
