250.0 250.0
253.0 154.0 0.0252200000007 10774.78 
351.0 173.0 0.0236800000007 10776.32 
159.0 162.0 0.0185600000005 10781.44 
63.0 137.0 0.112611200001 10687.3888 
156.0 118.0 0.0429892000002 10757.0108 
45.0 62.0 0.00887040000027 10791.1296 
170.0 245.0 0.0135350400001 10786.46496 
336.0 121.0 0.0433686000009 10756.6314 
280.0 133.0 0.0549236000008 10745.0764 
77.0 5.0 0.112611200001 10687.3888 
132.0 51.0 0.0091840000001 10790.816 
146.0 49.0 0.00656000000018 10793.44 
145.0 134.0 0.0306336000002 10769.3664 
150.0 152.0 0.0207754400002 10779.22456 
170.0 241.0 0.0144536400002 10785.54636 
170.0 252.0 0.0129000000004 10787.1 
166.0 342.0 0.00614000000017 10793.86 
145.0 336.0 0.0119975600002 10788.00244 
41.0 74.0 0.00672000000018 10793.28 
223.0 285.0 0.03711304 10762.88696 
247.0 50.0 0.00612000000017 10793.88 
254.0 40.0 0.00794376000028 10792.05624 
243.0 153.0 0.0139081600003 10786.09184 
249.0 136.0 0.0297080000008 10770.292 
241.0 231.0 0.01770688 10782.29312 
240.0 258.0 0.0204024000005 10779.5976 
257.0 352.0 0.00814800000009 10791.852 
247.0 342.0 0.00582000000016 10794.18 
252.0 440.0 0.112611200001 10687.3888 
337.0 123.0 0.042061600001 10757.9384 
356.0 56.0 0.00624000000017 10793.76 
379.0 56.0 0.0128419200002 10787.15808 
366.0 153.0 0.0427800000008 10757.22 
337.0 147.0 0.0663534400004 10733.64656 
343.0 247.0 0.0266134000004 10773.3866 
347.0 250.0 0.028458 10771.542 
332.0 350.0 0.0224448000002 10777.5552 
341.0 317.0 0.00672000000018 10793.28 
271.0 106.0 0.0294128000005 10770.5872 
343.0 429.0 0.112611200001 10687.3888 
447.0 53.0 0.00584000000016 10794.16 
452.0 37.0 0.00912208000015 10790.87792 
447.0 136.0 0.00661500000017 10793.385 
443.0 139.0 0.00630000000017 10793.7 
312.0 235.0 0.0121600000003 10787.84 
441.0 252.0 0.112611200001 10687.3888 
463.0 340.0 0.00596000000017 10794.04 
472.0 367.0 0.0156152000002 10784.3848 
451.0 452.0 0.112611200001 10687.3888 
452.0 435.0 0.112611200001 10687.3888 
