250.0 250.0
230.0 288.0 0.0353456000001 10764.6544 
218.0 358.0 0.0262800000007 10773.72 
129.0 373.0 0.0367820000007 10763.218 
268.0 327.0 0.0318800000009 10768.12 
229.0 195.0 0.0426019200004 10757.39808 
182.0 381.0 0.0799328800017 10720.06712 
32.0 351.0 0.0119068799999 10788.09312 
53.0 352.0 0.00632000000017 10793.68 
185.0 320.0 0.0503400000014 10749.66 
207.0 358.0 0.102599200001 10697.4008 
20.0 313.0 0.00632000000017 10793.68 
264.0 376.0 0.0395661600006 10760.43384 
158.0 150.0 0.00664000000018 10793.36 
147.0 143.0 0.00889759999984 10791.1024 
153.0 243.0 0.00756275999997 10792.43724 
158.0 251.0 0.00642000000018 10793.58 
149.0 368.0 0.0743952000011 10725.6048 
159.0 346.0 0.126234400002 10673.7656 
134.0 443.0 0.0452950000002 10754.705 
156.0 441.0 0.0126400000003 10787.36 
303.0 340.0 0.0678324800003 10732.16752 
111.0 335.0 0.0781750000012 10721.825 
263.0 156.0 0.00618000000017 10793.82 
231.0 129.0 0.0278470800003 10772.15292 
248.0 248.0 0.0245404800004 10775.45952 
247.0 237.0 0.0284177600006 10771.58224 
261.0 343.0 0.0395450000004 10760.455 
254.0 355.0 0.0386632000004 10761.3368 
235.0 446.0 0.00612000000017 10793.88 
249.0 452.0 0.00895968000018 10791.04032 
179.0 453.0 0.0358734400007 10764.12656 
149.0 342.0 0.134482400002 10665.5176 
77.0 450.0 0.104046400002 10695.9536 
360.0 156.0 0.104046400002 10695.9536 
341.0 254.0 0.0927291200021 10707.27088 
364.0 251.0 0.104046400002 10695.9536 
360.0 372.0 0.104046400002 10695.9536 
340.0 323.0 0.0398918400004 10760.10816 
343.0 451.0 0.00675004000004 10793.24996 
341.0 446.0 0.00638000000018 10793.62 
179.0 367.0 0.103850480002 10696.14952 
141.0 378.0 0.0927291200021 10707.27088 
444.0 146.0 0.00608000000017 10793.92 
452.0 143.0 0.00696767999975 10793.03232 
445.0 256.0 0.00624000000017 10793.76 
446.0 244.0 0.00804959999986 10791.9504 
456.0 352.0 0.00779736000032 10792.20264 
449.0 360.0 0.00636000000018 10793.64 
43.0 258.0 0.0927291200021 10707.27088 
456.0 455.0 0.104046400002 10695.9536 
