250.0 250.0
231.0 161.0 0.459426360006 10340.57364 
278.0 149.0 0.093057000002 10706.943 
305.0 165.0 0.0242000000007 10775.8 
260.0 94.0 0.208318920003 10591.68108 
196.0 62.0 0.0819021600016 10718.09784 
315.0 62.0 0.00614000000017 10793.86 
239.0 103.0 0.287343320005 10512.65668 
215.0 78.0 0.174731000003 10625.269 
254.0 83.0 0.108715000003 10691.285 
238.0 148.0 0.0955080000025 10704.492 
163.0 48.0 0.0496220000009 10750.378 
164.0 54.0 0.0475003200006 10752.49968 
156.0 177.0 0.00634000000017 10793.66 
142.0 134.0 0.0322706 10767.7294 
139.0 262.0 0.0121644000001 10787.8356 
154.0 246.0 0.00620000000017 10793.8 
142.0 356.0 0.112611200001 10687.3888 
144.0 350.0 0.112611200001 10687.3888 
253.0 142.0 0.280857400004 10519.1426 
142.0 455.0 0.112611200001 10687.3888 
259.0 58.0 0.0534022000007 10746.5978 
250.0 52.0 0.0850771200014 10714.92288 
248.0 158.0 0.409639680006 10390.36032 
241.0 138.0 0.189005480004 10610.99452 
232.0 252.0 0.00986976000009 10790.13024 
258.0 250.0 0.0998587200024 10700.14128 
253.0 327.0 0.112611200001 10687.3888 
238.0 336.0 0.112611200001 10687.3888 
365.0 184.0 0.0483488000008 10751.6512 
241.0 451.0 0.112611200001 10687.3888 
355.0 55.0 0.00614000000017 10793.86 
349.0 48.0 0.02274256 10777.25744 
337.0 158.0 0.0692626000006 10730.7374 
338.0 147.0 0.0319279200009 10768.07208 
336.0 259.0 0.016038 10783.962 
333.0 230.0 0.00594000000017 10794.06 
346.0 340.0 0.00588000000016 10794.12 
371.0 349.0 0.01418256 10785.81744 
350.0 437.0 0.00646000000018 10793.54 
337.0 460.0 0.0154781600002 10784.52184 
449.0 63.0 0.112611200001 10687.3888 
253.0 204.0 0.580245000001 10219.755 
456.0 167.0 0.112611200001 10687.38880 
463.0 125.0 0.112611200001 10687.3888 
453.0 240.0 0.00664000000018 10793.36 
456.0 238.0 0.00681263999999 10793.18736 
455.0 348.0 0.00690316000021 10793.09684 
450.0 344.0 0.00638000000018 10793.62 
429.0 438.0 0.112611200001 10687.3888 
452.0 437.0 0.00638000000018 10793.62 
