250.0 250.0
279.0 258.0 0.0556896000013 10744.3104 
359.0 204.0 0.153448240002 10646.55176 
377.0 285.0 0.113119000002 10686.881 
329.0 257.0 0.0541400000015 10745.86 
193.0 296.0 0.0385200000011 10761.48 
387.0 257.0 0.141010400003 10658.9896 
362.0 315.0 0.0768619600006 10723.13804 
387.0 229.0 0.0783466800015 10721.65332 
405.0 258.0 0.0553432800006 10744.65672 
399.0 215.0 0.054657080001 10745.34292 
391.0 376.0 0.0370200000004 10762.98 
339.0 359.0 0.0220774400003 10777.92256 
335.0 398.0 0.0129600000004 10787.04 
255.0 302.0 0.143657680001 10656.34232 
163.0 260.0 0.0179337599998 10782.06624 
161.0 270.0 0.0278959999999 10772.104 
154.0 368.0 0.035108800001 10764.8912 
150.0 356.0 0.141437280001 10658.56272 
152.0 437.0 0.113119000002 10686.881 
152.0 452.0 0.0387516000002 10761.2484 
182.0 236.0 0.00624000000017 10793.76 
332.0 308.0 0.0303400000008 10769.66 
120.0 373.0 0.0481392000006 10751.8608 
266.0 154.0 0.0481392000006 10751.8608 
261.0 250.0 0.0460549200011 10753.94508 
256.0 266.0 0.0890180800008 10710.98192 
260.0 342.0 0.0649700000008 10735.03 
240.0 342.0 0.0982250000015 10701.775 
204.0 215.0 0.0982250000015 10701.775 
247.0 450.0 0.0982250000015 10701.775 
198.0 439.0 0.0118800000003 10788.12 
237.0 362.0 0.0243897600003 10775.61024 
345.0 143.0 0.0982250000015 10701.775 
337.0 163.0 0.0485270000002 10751.473 
342.0 244.0 0.138698640003 10661.30136 
354.0 249.0 0.112017040003 10687.98296 
345.0 343.0 0.0650081600003 10734.99184 
362.0 349.0 0.076680160001 10723.31984 
350.0 447.0 0.0223344000002 10777.6656 
340.0 435.0 0.05539248 10744.60752 
121.0 186.0 0.05539248 10744.60752 
187.0 329.0 0.103985000001 10696.015 
454.0 139.0 0.00592000000017 10794.08 
460.0 139.0 0.00634624000013 10793.65376 
458.0 246.0 0.00614000000017 10793.86 
462.0 251.0 0.0066434800002 10793.35652 
450.0 357.0 0.05539248 10744.60752 
455.0 350.0 0.05539248 10744.60752 
434.0 467.0 0.00614000000017 10793.86 
466.0 445.0 0.0246582399997 10775.34176 
