250.0 250.0
162.0 273.0 0.140754200003 10659.2458 
199.0 285.0 0.308459080004 10491.54092 
242.0 287.0 0.386277920004 10413.72208 
177.0 287.0 0.231765360004 10568.23464 
255.0 225.0 0.0211720000003 10778.828 
268.0 289.0 0.287889400004 10512.1106 
322.0 169.0 0.00646000000018 10793.54 
84.0 238.0 0.0124000000003 10787.6 
48.0 266.0 0.0704039999998 10729.596 
59.0 341.0 0.0318558000006 10768.1442 
47.0 327.0 0.0368320000001 10763.168 
75.0 358.0 0.0248800000007 10775.12 
32.0 444.0 0.140754200003 10659.2458 
43.0 441.0 0.140754200003 10659.2458 
137.0 232.0 0.0784191200009 10721.58088 
10.0 288.0 0.0435755200004 10756.42448 
40.0 391.0 0.03973312 10760.26688 
162.0 269.0 0.183270000002 10616.73 
167.0 173.0 0.0122600000003 10787.74 
141.0 155.0 0.0178799999998 10782.12 
156.0 152.0 0.0133811999999 10786.6188 
140.0 244.0 0.0652916000013 10734.7084 
157.0 243.0 0.107568960002 10692.43104 
158.0 253.0 0.0942606000016 10705.7394 
138.0 357.0 0.0195010800002 10780.49892 
152.0 346.0 0.0121200000003 10787.88 
148.0 354.0 0.0201191999999 10779.8808 
128.0 291.0 0.0863107200011 10713.68928 
147.0 426.0 0.00602000000017 10793.98 
117.0 451.0 0.0243809999999 10775.619 
249.0 322.0 0.169802880003 10630.19712 
62.0 309.0 0.0187000000005 10781.3 
220.0 292.0 0.294791200004 10505.2088 
246.0 152.0 0.01686752 10783.13248 
252.0 171.0 0.0179600000005 10782.04 
254.0 139.0 0.0302137600003 10769.78624 
274.0 282.0 0.120708000003 10679.292 
276.0 253.0 0.0968732000021 10703.1268 
240.0 250.0 0.126468000003 10673.532 
244.0 336.0 0.128161800003 10671.8382 
253.0 326.0 0.196668720005 10603.33128 
245.0 341.0 0.0360052800006 10763.99472 
199.0 290.0 0.210975760005 10589.02424 
234.0 436.0 0.00634000000017 10793.66 
273.0 442.0 0.0260827600002 10773.91724 
93.0 425.0 0.00602000000017 10793.98 
247.0 132.0 0.0301846400004 10769.81536 
307.0 325.0 0.0128600000004 10787.14 
345.0 142.0 0.0227133600002 10777.28664 
366.0 119.0 0.140754200003 10659.2458 
363.0 139.0 0.140754200003 10659.2458 
335.0 255.0 0.0119400000003 10788.06 
347.0 264.0 0.0146670000002 10785.333 
354.0 267.0 0.0178788 10782.1212 
350.0 368.0 0.0315382400002 10768.46176 
338.0 340.0 0.0499039200007 10750.09608 
364.0 335.0 0.140754200003 10659.2458 
340.0 459.0 0.0155613600001 10784.43864 
340.0 466.0 0.0183946000003 10781.6054 
349.0 448.0 0.0130000000004 10787.0 
37.0 383.0 0.0418321200004 10758.16788 
444.0 65.0 0.140754200003 10659.2458 
435.0 15.0 0.140754200003 10659.2458 
463.0 158.0 0.0270858000001 10772.9142 
434.0 140.0 0.0125000000003 10787.5 
459.0 140.0 0.0203000000001 10779.7 
433.0 268.0 0.01037568 10789.62432 
457.0 251.0 0.0166022 10783.3978 
429.0 252.0 0.0131800000004 10786.82 
449.0 335.0 0.0124400000003 10787.56 
447.0 367.0 0.0251872000002 10774.8128 
472.0 368.0 0.0326326400003 10767.36736 
469.0 442.0 0.01583252 10784.16748 
449.0 451.0 0.0145719999999 10785.428 
455.0 443.0 0.0132400000004 10786.76 
