250.0 250.0
297.0 244.0 0.288929400007 10511.0706 
322.0 339.0 0.0945220000018 10705.478 
290.0 171.0 0.0453883200012 10754.61168 
334.0 336.0 0.108222240002 10691.77776 
312.0 153.0 0.0998224000008 10700.1776 
287.0 221.0 0.493438800001 10306.5612 
386.0 229.0 0.128935520001 10671.06448 
297.0 251.0 0.485537200006 10314.4628 
346.0 287.0 0.125025000002 10674.975 
302.0 270.0 0.322216000007 10477.784 
271.0 308.0 0.281657280003 10518.34272 
373.0 328.0 0.0691516000012 10730.8484 
262.0 104.0 0.0278668800003 10772.13312 
348.0 306.0 0.140137000003 10659.863 
361.0 191.0 0.0435400000012 10756.46 
314.0 328.0 0.217433800003 10582.5662 
304.0 283.0 0.272928480006 10527.07152 
318.0 95.0 0.0435400000012 10756.46 
298.0 181.0 0.277436480005 10522.56352 
189.0 122.0 0.0435400000012 10756.46 
149.0 149.0 0.140137000003 10659.863 
312.0 224.0 0.271104480006 10528.89552 
116.0 185.0 0.140137000003 10659.863 
185.0 237.0 0.0365760000006 10763.424 
378.0 399.0 0.00646000000018 10793.54 
379.0 214.0 0.0351913200008 10764.80868 
450.0 464.0 0.0352120000007 10764.788 
316.0 214.0 0.140796400003 10659.2036 
217.0 72.0 0.0180000000005 10782.0 
318.0 292.0 0.209773520004 10590.22648 
257.0 51.0 0.0364087200003 10763.59128 
251.0 46.0 0.0326512800005 10767.34872 
227.0 57.0 0.0259859999999 10774.014 
252.0 128.0 0.0675776000006 10732.4224 
240.0 167.0 0.0187800000005 10781.22 
273.0 166.0 0.0693708000012 10730.6292 
248.0 229.0 0.154620200004 10645.3798 
221.0 241.0 0.117328880002 10682.67112 
263.0 268.0 0.283606800007 10516.3932 
251.0 381.0 0.0693708000012 10730.6292 
276.0 340.0 0.0809493200018 10719.05068 
244.0 330.0 0.0123400000003 10787.66 
220.0 462.0 0.0169724000003 10783.0276 
247.0 454.0 0.00604000000017 10793.96 
248.0 451.0 0.00604000000017 10793.96 
353.0 41.0 0.00686000000019 10793.14 
351.0 54.0 0.00686000000019 10793.14 
344.0 27.0 0.0175341600001 10782.46584 
361.0 151.0 0.0338480000005 10766.152 
346.0 157.0 0.0518702400009 10748.12976 
343.0 153.0 0.0434839200008 10756.51608 
351.0 250.0 0.202977880001 10597.02212 
366.0 261.0 0.0860356000015 10713.9644 
335.0 283.0 0.216355360004 10583.64464 
321.0 351.0 0.0804403200014 10719.55968 
386.0 349.0 0.0540368000007 10745.9632 
338.0 343.0 0.0741242000013 10725.8758 
348.0 444.0 0.0206767600004 10779.32324 
341.0 430.0 0.0426236000001 10757.3764 
325.0 432.0 0.0125200000003 10787.48 
448.0 26.0 0.0383600000001 10761.64 
441.0 34.0 0.0323584 10767.6416 
467.0 68.0 0.0118400000003 10788.16 
436.0 132.0 0.0124400000003 10787.56 
458.0 161.0 0.0292940000002 10770.706 
457.0 151.0 0.0221923200001 10777.80768 
422.0 256.0 0.0851460000009 10714.854 
432.0 221.0 0.0324870000004 10767.513 
472.0 255.0 0.117328880002 10682.67112 
440.0 358.0 0.00564000000016 10794.36 
473.0 354.0 0.0181044000002 10781.8956 
454.0 354.0 0.00564000000016 10794.36 
475.0 461.0 0.0429750000002 10757.025 
420.0 464.0 0.0179000000005 10782.1 
435.0 466.0 0.0290944800003 10770.90552 
