250.0 250.0
294.0 256.0 0.114666400001 10685.3336 
284.0 349.0 0.407214400006 10392.7856 
258.0 321.0 0.687047000006 10112.953 
319.0 367.0 0.254457400003 10545.5426 
248.0 301.0 0.362734520008 10437.26548 
279.0 259.0 0.0734990400015 10726.50096 
272.0 405.0 0.133884400002 10666.1156 
324.0 385.0 0.0960520000022 10703.948 
379.0 403.0 0.00666000000018 10793.34 
249.0 283.0 0.536611200001 10263.3888 
222.0 408.0 0.0449047200013 10755.09528 
292.0 369.0 0.138824160004 10661.17584 
271.0 402.0 0.196874080003 10603.12592 
307.0 301.0 0.0560061600007 10743.99384 
325.0 410.0 0.142128000001 10657.872 
283.0 457.0 0.052586920001 10747.41308 
218.0 251.0 0.167640000004 10632.36 
266.0 296.0 0.294643040007 10505.35696 
181.0 188.0 0.00636000000018 10793.64 
153.0 141.0 0.00636000000018 10793.64 
151.0 136.0 0.00672888000004 10793.27112 
135.0 272.0 0.0229916000003 10777.0084 
151.0 261.0 0.0189200000005 10781.08 
136.0 262.0 0.0219484000002 10778.0516 
126.0 347.0 0.12112504 10678.87496 
163.0 359.0 0.0302400000008 10769.76 
141.0 355.0 0.036440000001 10763.56 
160.0 458.0 0.0270360000006 10772.964 
153.0 432.0 0.0182200000005 10781.78 
149.0 448.0 0.0215166400004 10778.48336 
208.0 399.0 0.0185600000005 10781.44 
91.0 381.0 0.0340464000005 10765.9536 
140.0 237.0 0.0284270800004 10771.57292 
257.0 131.0 0.01712256 10782.87744 
243.0 157.0 0.0126400000003 10787.36 
235.0 146.0 0.00876800000025 10791.232 
241.0 252.0 0.182103000005 10617.897 
247.0 255.0 0.202066800005 10597.9332 
260.0 243.0 0.177124560005 10622.87544 
236.0 367.0 0.0978850400022 10702.11496 
253.0 362.0 0.342951520003 10457.04848 
227.0 333.0 0.219221800005 10580.7782 
263.0 445.0 0.0898559600014 10710.14404 
252.0 433.0 0.111096080002 10688.90392 
241.0 448.0 0.0635930000008 10736.407 
310.0 444.0 0.0118600000003 10788.14 
130.0 429.0 0.057287360001 10742.71264 
214.0 424.0 0.045653360001 10754.34664 
347.0 150.0 0.0146128 10785.3872 
382.0 166.0 0.0217360000003 10778.264 
355.0 162.0 0.0122000000003 10787.8 
371.0 264.0 0.0262046400004 10773.79536 
362.0 244.0 0.0449988000007 10755.0012 
339.0 223.0 0.0130200000004 10786.98 
325.0 352.0 0.133552800003 10666.4472 
380.0 351.0 0.0270562000002 10772.9438 
354.0 348.0 0.0935418400014 10706.45816 
348.0 452.0 0.0564919200009 10743.50808 
351.0 452.0 0.0602232000005 10739.7768 
370.0 435.0 0.0213786000002 10778.6214 
119.0 389.0 0.119935640001 10680.06436 
287.0 226.0 0.0429290000003 10757.071 
402.0 491.0 0.00636000000018 10793.64 
444.0 172.0 0.0126200000003 10787.38 
449.0 152.0 0.0179070000002 10782.093 
445.0 173.0 0.0126456000002 10787.3544 
451.0 239.0 0.0209896000006 10779.0104 
438.0 235.0 0.0386162000002 10761.3838 
422.0 258.0 0.0126600000003 10787.34 
443.0 360.0 0.0193966400001 10780.60336 
436.0 335.0 0.0117400000003 10788.26 
448.0 345.0 0.01469728 10785.30272 
460.0 427.0 0.00620000000017 10793.8 
459.0 446.0 0.00620000000017 10793.8 
467.0 452.0 0.0145575999999 10785.4424 
