250.0 250.0
263.0 212.0 0.106007480002 10693.99252 
222.0 294.0 0.0189600000005 10781.04 
272.0 170.0 0.192864400001 10607.1356 
256.0 254.0 0.0680918400019 10731.90816 
308.0 288.0 0.192864400001 10607.1356 
313.0 372.0 0.03418632 10765.81368 
334.0 127.0 0.0186600000005 10781.34 
398.0 95.0 0.0249800000007 10775.02 
487.0 66.0 0.0644358000009 10735.5642 
333.0 118.0 0.0196636800002 10780.33632 
517.0 119.0 0.0590801599999 10740.91984 
177.0 256.0 0.0127800000004 10787.22 
458.0 57.0 0.0381959200007 10761.80408 
433.0 109.0 0.0348438000002 10765.1562 
551.0 121.0 0.0328648000002 10767.1352 
519.0 82.0 0.0348704000005 10765.1296 
245.0 152.0 0.0618635600014 10738.13644 
507.0 158.0 0.0124800000003 10787.52 
142.0 167.0 0.0149450000003 10785.055 
145.0 111.0 0.192864400001 10607.1356 
167.0 177.0 0.00610000000017 10793.9 
163.0 247.0 0.0164474800005 10783.55252 
137.0 246.0 0.0337240000001 10766.276 
162.0 290.0 0.192864400001 10607.1356
155.0 336.0 0.192864400001 10607.1356 
153.0 366.0 0.0151204799998 10784.87952 
173.0 350.0 0.0129600000004 10787.04 
136.0 434.0 0.0141132000004 10785.8868 
133.0 425.0 0.0129000000004 10787.1 
145.0 436.0 0.0161648000001 10783.8352 
241.0 207.0 0.204393600002 10595.6064 
225.0 52.0 0.192864400001 10607.1356 
255.0 41.0 0.0188604000001 10781.1396 
249.0 150.0 0.192864400001 10607.1356 
245.0 149.0 0.0626264000014 10737.3736 
265.0 163.0 0.192864400001 10607.1356 
242.0 265.0 0.0160858000001 10783.9142 
259.0 239.0 0.0636632000015 10736.3368 
250.0 238.0 0.0631401600017 10736.85984 
264.0 343.0 0.0402565200006 10759.74348 
240.0 318.0 0.192864400001 10607.1356 
251.0 353.0 0.0423672800003 10757.63272 
279.0 432.0 0.192864400001 10607.1356 
246.0 446.0 0.192864400001 10607.1356 
263.0 451.0 0.0127784800002 10787.22152 
348.0 25.0 0.0520520000006 10747.948 
356.0 43.0 0.0373006400009 10762.69936 
364.0 63.0 0.113871200001 10686.1288 
350.0 131.0 0.0437800000005 10756.22 
330.0 171.0 0.0125400000003 10787.46 
358.0 135.0 0.0447016000002 10755.2984 
372.0 246.0 0.0224818400003 10777.51816 
357.0 245.0 0.0314766400002 10768.52336 
343.0 261.0 0.0131600000004 10786.84 
350.0 360.0 0.0233696400003 10776.63036 
338.0 333.0 0.0187600000005 10781.24 
354.0 353.0 0.02011952 10779.88048 
366.0 462.0 0.0336905600003 10766.30944 
333.0 435.0 0.0120200000003 10787.98 
329.0 446.0 0.0136804400003 10786.31956 
465.0 34.0 0.0453508800009 10754.64912 
440.0 32.0 0.0373132800008 10762.68672 
455.0 59.0 0.0313800000009 10768.62 
437.0 152.0 0.192864400001 10607.1356 
441.0 138.0 0.0204403200006 10779.55968 
465.0 162.0 0.0216254400003 10778.37456 
435.0 247.0 0.0126200000003 10787.38 
464.0 251.0 0.192864400001 10607.1356 
470.0 246.0 0.192864400001 10607.1356 
460.0 319.0 0.0172140800003 10782.78592 
479.0 330.0 0.0252876000001 10774.7124 
445.0 333.0 0.192864400001 10607.1356 
456.0 475.0 0.192864400001 10607.1356 
458.0 467.0 0.0131400000004 10786.86 
482.0 443.0 0.0285768000003 10771.4232 
