250.0 250.0
284.0 168.0 0.178480000003 10621.52 
332.0 198.0 0.109915800002 10690.0842 
367.0 116.0 0.0522600000004 10747.74 
225.0 151.0 0.158673360003 10641.32664 
228.0 232.0 0.0421084800009 10757.89152 
269.0 245.0 0.0427727200007 10757.22728 
332.0 136.0 0.137953960002 10662.04604 
313.0 182.0 0.119451000001 10680.549 
327.0 321.0 0.0302400000008 10769.76 
309.0 75.0 0.0302400000008 10769.7 
232.0 183.0 0.0676800000019 10732.32 
381.0 214.0 0.0462988800005 10753.70112 
276.0 151.0 0.102925480003 10697.07452 
325.0 163.0 0.135912960001 10664.08704 
241.0 261.0 0.0405336800008 10759.46632 
325.0 266.0 0.0251600000007 10774.84 
305.0 201.0 0.0681800000019 10731.82 
216.0 50.0 0.0305553600004 10769.44464 
152.0 146.0 0.0492806000004 10750.7194 
182.0 121.0 0.0320518400009 10767.94816 
186.0 127.0 0.136309880002 10663.69012 
149.0 250.0 0.0278919600004 10772.10804 
176.0 272.0 0.0122200000003 10787.78 
154.0 250.0 0.0233713600004 10776.62864 
151.0 359.0 0.0141712800002 10785.82872 
156.0 361.0 0.0155372400002 10784.46276 
146.0 348.0 0.0123200000003 10787.68 
145.0 459.0 0.0195078800003 10780.49212 
147.0 445.0 0.0140118800002 10785.98812 
147.0 436.0 0.0129200000004 10787.08 
227.0 80.0 0.0779199600003 10722.08004 
240.0 68.0 0.00608000000017 10793.92 
256.0 20.0 0.047762600001 10752.2374 
244.0 118.0 0.132703760002 10667.29624 
253.0 153.0 0.150440720002 10649.55928 
236.0 180.0 0.0571480000015 10742.852 
254.0 239.0 0.0334829200008 10766.51708 
267.0 275.0 0.0440082400009 10755.99176 
229.0 268.0 0.047762600001 10752.2374 
245.0 345.0 0.047762600001 10752.2374 
260.0 343.0 0.00572000000016 10794.28 
238.0 356.0 0.0131903200003 10786.80968 
273.0 266.0 0.0476286000009 10752.3714 
241.0 446.0 0.00636000000018 10793.64 
235.0 451.0 0.00713592000013 10792.86408 
358.0 48.0 0.0123600000003 10787.64 
340.0 21.0 0.0191329600002 10780.86704 
338.0 34.0 0.0135904000001 10786.4096 
352.0 139.0 0.0658020000013 10734.198 
358.0 159.0 0.0623938000014 10737.6062 
351.0 181.0 0.0868726000015 10713.1274 
360.0 229.0 0.0810254000006 10718.9746 
355.0 244.0 0.0561022400005 10743.89776 
346.0 272.0 0.0121538800002 10787.84612 
343.0 294.0 0.0185241599999 10781.47584 
378.0 349.0 0.146411400001 10653.5886 
340.0 360.0 0.156231200002 10643.7688 
352.0 449.0 0.0291240000002 10770.876 
331.0 456.0 0.0118000000003 10788.2 
366.0 449.0 0.0198179200005 10780.18208 
444.0 52.0 0.0142208000003 10785.7792 
436.0 62.0 0.0122200000003 10787.78 
458.0 75.0 0.0202127200005 10779.78728 
440.0 132.0 0.0228630000002 10777.137 
437.0 172.0 0.0126000000003 10787.4 
423.0 138.0 0.0528904000003 10747.1096 
465.0 252.0 0.02492 10775.08 
459.0 245.0 0.0244980000001 10775.502 
439.0 270.0 0.0122800000003 10787.72 
440.0 361.0 0.042546320001 10757.45368 
424.0 360.0 0.13397304 10666.02696 
461.0 325.0 0.0414084000006 10758.5916 
471.0 437.0 0.0191332 10780.8668 
455.0 424.0 0.0126537600003 10787.34624 
452.0 424.0 0.0125400000003 10787.46 
