250.0 250.0
282.0 194.0 0.140754200003 10659.2458 
284.0 255.0 0.051417160001 10748.58284 
359.0 155.0 0.135846480003 10664.15352 
342.0 101.0 0.167217240001 10632.78276 
403.0 152.0 0.236563200002 10563.4368 
432.0 120.0 0.110920000002 10689.08 
198.0 176.0 0.236563200002 10563.4368 
233.0 267.0 0.0587173600008 10741.28264 
307.0 44.0 0.066604800001 10733.3952 
291.0 24.0 0.0714546000012 10728.5454 
359.0 133.0 0.263449360005 10536.55064 
252.0 4.0 0.0744140000012 10725.586 
369.0 192.0 0.108723600003 10691.2764 
357.0 62.0 0.0675539200013 10732.44608 
270.0 80.0 0.036460000001 10763.54 
163.0 43.0 0.0228893200003 10777.11068 
184.0 63.0 0.0123600000003 10787.64 
161.0 52.0 0.0202900000003 10779.71 
173.0 178.0 0.140754200003 10659.2458 
153.0 174.0 0.0356729200002 10764.32708 
178.0 167.0 0.0187676800002 10781.23232 
158.0 233.0 0.140754200003 10659.2458 
131.0 264.0 0.0260172000003 10773.9828 
151.0 243.0 0.00594000000017 10794.06 
143.0 348.0 0.0130910000003 10786.909 
146.0 344.0 0.0127600000004 10787.24 
148.0 359.0 0.0155721200001 10784.42788 
131.0 430.0 0.0271824000005 10772.8176 
142.0 442.0 0.0220800000001 10777.92 
162.0 427.0 0.0136800000004 10786.32 
259.0 53.0 0.0912660000008 10708.734 
246.0 63.0 0.0471514000007 10752.8486 
263.0 48.0 0.0365922000006 10763.4078 
257.0 142.0 0.0332686000008 10766.7314 
249.0 141.0 0.0348273600007 10765.17264 
260.0 156.0 0.10033648 10699.66352 
266.0 233.0 0.0438178000011 10756.1822 
245.0 261.0 0.0516787200013 10748.32128 
249.0 275.0 0.0913511200023 10708.64888 
251.0 313.0 0.080919200001 10719.0808 
237.0 360.0 0.0439840000006 10756.016 
258.0 319.0 0.0934256800005 10706.57432 
244.0 457.0 0.0140900000001 10785.91 
271.0 451.0 0.0231344800002 10776.86552 
242.0 446.0 0.236563200002 10563.4368 
359.0 60.0 0.0307184800008 10769.28152 
353.0 69.0 0.0801072000012 10719.8928 
362.0 61.0 0.0840000000016 10716.0 
348.0 169.0 0.0909200000025 10709.08 
346.0 163.0 0.136803200002 10663.1968 
364.0 169.0 0.181937280003 10618.06272 
332.0 244.0 0.0121200000003 10787.88 
358.0 249.0 0.0201394400001 10779.86056 
340.0 260.0 0.0162160000005 10783.784 
291.0 404.0 0.00606000000017 10793.94 
325.0 347.0 0.236563200002 10563.4368 
352.0 358.0 0.01593 10784.07 
328.0 458.0 0.0281673600004 10771.83264 
343.0 426.0 0.140754200003 10659.2458 
325.0 439.0 0.0412377199999 10758.76228 
458.0 62.0 0.0118000000003 10788.2 
470.0 54.0 0.0141712 10785.8288 
461.0 34.0 0.0214745999999 10778.5254 
455.0 160.0 0.0472493200003 10752.75068 
446.0 140.0 0.0419200000012 10758.08 
442.0 162.0 0.0999778800011 10700.02212 
448.0 227.0 0.0399319200003 10760.06808 
445.0 274.0 0.0242800000007 10775.72 
467.0 230.0 0.0419608000001 10758.0392 
460.0 316.0 0.0654573200005 10734.54268 
473.0 340.0 0.0269298000005 10773.0702 
453.0 349.0 0.00602000000017 10793.98 
401.0 293.0 0.140754200003 10659.2458 
424.0 437.0 0.140754200003 10659.2458 
418.0 476.0 0.140754200003 10659.2458 
