250.0 250.0
181.0 246.0 0.0775036000003 10722.4964 
88.0 260.0 0.194834400001 10605.1656 
190.0 274.0 0.0687200000019 10731.28 
54.0 171.0 0.0263359199999 10773.66408 
83.0 152.0 0.0119600000003 10788.04 
56.0 146.0 0.0211094000003 10778.8906 
47.0 272.0 0.00550000000016 10794.5 
60.0 237.0 0.0794043600007 10720.59564 
30.0 256.0 0.0312310000002 10768.769 
41.0 361.0 0.0634149200007 10736.58508 
76.0 343.0 0.124522720002 10675.47728 
44.0 368.0 0.0490262800007 10750.97372 
14.0 434.0 0.0211399999999 10778.86 
54.0 470.0 0.0114170399999 10788.58296 
45.0 451.0 0.0121000000003 10787.9 
53.0 365.0 0.0121600000003 10787.84 
138.0 146.0 0.0446215200005 10755.37848 
2.0 193.0 0.0928970000012 10707.103 
135.0 133.0 0.0482827200004 10751.71728 
123.0 107.0 0.0436352000007 10756.3648 
143.0 175.0 0.0184800000005 10781.52 
152.0 249.0 0.138000840002 10661.99916 
146.0 235.0 0.068039520001 10731.96048 
148.0 239.0 0.0577815200012 10742.21848 
122.0 362.0 0.144771200002 10655.2288 
153.0 365.0 0.0733224400013 10726.67756 
155.0 362.0 0.0543400000015 10745.66 
160.0 439.0 0.0385381600008 10761.46184 
156.0 414.0 0.143435200002 10656.5648 
163.0 432.0 0.0360429600007 10763.95704 
75.0 255.0 0.0451268000012 10754.8732 
153.0 296.0 0.21833732 10581.66268 
114.0 244.0 0.0993494000021 10700.6506 
62.0 408.0 0.0349228000002 10765.0772 
123.0 293.0 0.155678000003 10644.322 
263.0 151.0 0.194834400001 10605.1656 
272.0 249.0 0.0251274000003 10774.8726 
264.0 252.0 0.0214840000004 10778.516 
254.0 256.0 0.0195260800005 10780.47392 
237.0 349.0 0.00658000000018 10793.42 
229.0 366.0 0.0112254800001 10788.77452 
224.0 350.0 0.00658000000018 10793.42 
258.0 441.0 0.00942503999981 10790.57496 
249.0 431.0 0.0125800000003 10787.42 
255.0 469.0 0.0224136 10777.5864 
317.0 140.0 0.0227327200001 10777.26728 
87.0 352.0 0.0940310000014 10705.969 
353.0 52.0 0.194834400001 10605.1656 
344.0 153.0 0.0200798400003 10779.92016 
356.0 173.0 0.0182492800002 10781.75072 
336.0 161.0 0.0183800000005 10781.62 
360.0 277.0 0.0122160800003 10787.78392 
366.0 234.0 0.194834400001 10605.1656 
349.0 258.0 0.00622000000017 10793.78 
338.0 373.0 0.0201632000002 10779.8368 
347.0 351.0 0.0126000000003 10787.4 
334.0 365.0 0.0283180000007 10771.682 
354.0 479.0 0.0280514800001 10771.94852 
344.0 453.0 0.00694000000019 10793.06 
354.0 440.0 0.00694000000019 10793.06 
438.0 62.0 0.00594000000017 10794.06 
444.0 48.0 0.194834400001 10605.1656 
435.0 58.0 0.00623700000015 10793.763 
443.0 133.0 0.0126600000003 10787.34 
468.0 156.0 0.0270619200003 10772.93808 
455.0 155.0 0.0207235200003 10779.27648 
450.0 262.0 0.0220030000004 10777.997 
437.0 247.0 0.0137279600003 10786.27204 
427.0 248.0 0.0125200000003 10787.48 
426.0 369.0 0.0125600000003 10787.44 
454.0 365.0 0.02248 10777.52 
439.0 372.0 0.0148241600003 10785.17584 
444.0 467.0 0.0299689999999 10770.031 
450.0 454.0 0.0244456000004 10775.5544 
427.0 433.0 0.0123400000003 10787.66 
