250.0 250.0
234.0 167.0 0.150423200003 10649.5768 
230.0 112.0 0.463900200005 10336.0998 
240.0 80.0 0.143001760003 10656.99824 
290.0 121.0 0.123704400002 10676.2956 
179.0 158.0 0.0191000000005 10780.9 
313.0 27.0 0.0588343200005 10741.16568 
212.0 198.0 0.159575600003 10640.4244 
252.0 178.0 0.712823240006 10087.17676 
191.0 75.0 0.0928970000012 10707.103 
362.0 86.0 0.208291840001 10591.70816 
258.0 205.0 0.312497600006 10487.5024 
191.0 94.0 0.274129400003 10525.8706 
218.0 67.0 0.164444320004 10635.55568 
190.0 227.0 0.0442800000012 10755.72 
116.0 235.0 0.0782660800013 10721.73392 
137.0 64.0 0.00584000000016 10794.16 
145.0 52.0 0.0203360000004 10779.664 
159.0 54.0 0.072128800001 10727.8712 
122.0 149.0 0.0375892400005 10762.41076 
151.0 156.0 0.0355979200008 10764.40208 
140.0 174.0 0.103430880001 10696.56912 
131.0 255.0 0.0405054000008 10759.4946 
142.0 222.0 0.147578360002 10652.42164 
158.0 255.0 0.118214560001 10681.78544 
161.0 346.0 0.0120800000003 10787.92 
145.0 391.0 0.0264600800001 10773.53992 
154.0 365.0 0.0277056000008 10772.2944 
149.0 477.0 0.0301757200004 10769.82428 
144.0 443.0 0.0135000000004 10786.5 
141.0 468.0 0.0216659200003 10778.33408 
265.0 43.0 0.0501400000003 10749.86 
238.0 55.0 0.050577040001 10749.42296 
231.0 71.0 0.133835320001 10666.16468 
271.0 179.0 0.212219600005 10587.7804 
280.0 111.0 0.0222480000005 10777.752 
267.0 140.0 0.520438000005 10279.562 
242.0 235.0 0.138998760003 10661.00124 
259.0 226.0 0.336676000006 10463.324 
268.0 282.0 0.0229891200002 10777.01088 
281.0 341.0 0.0175017600002 10782.49824 
251.0 345.0 0.0129600000004 10787.04 
259.0 361.0 0.0111192000004 10788.8808 
259.0 443.0 0.0124200000003 10787.58 
265.0 460.0 0.016541 10783.459 
275.0 452.0 0.0165179200002 10783.48208 
361.0 53.0 0.0543824000008 10745.6176 
339.0 66.0 0.0961017600014 10703.89824 
337.0 37.0 0.0474656000008 10752.5344 
349.0 148.0 0.0794455999998 10720.5544 
348.0 148.0 0.0428000000012 10757.2 
352.0 129.0 0.136494400001 10663.5056 
355.0 251.0 0.0243190400005 10775.68096 
350.0 237.0 0.0239242000003 10776.0758 
333.0 251.0 0.0182400000005 10781.76 
352.0 343.0 0.00656000000018 10793.44 
364.0 339.0 0.00656000000018 10793.44 
366.0 361.0 0.0133824000003 10786.6176 
371.0 440.0 0.00622000000017 10793.78 
342.0 450.0 0.00622000000017 10793.78 
373.0 457.0 0.0187844000001 10781.2156 
430.0 66.0 0.0355840000007 10764.416 
446.0 38.0 0.0315704000007 10768.4296 
437.0 92.0 0.0119200000003 10788.08 
439.0 142.0 0.0254400000001 10774.56 
423.0 149.0 0.0120000000003 10788.0 
457.0 138.0 0.0222816000006 10777.7184 
420.0 233.0 0.0125200000003 10787.48 
431.0 244.0 0.0154240000001 10784.576 
438.0 244.0 0.0183228000001 10781.6772 
336.0 209.0 0.0398706000005 10760.1294 
446.0 364.0 0.0118800000003 10788.12 
456.0 377.0 0.0239514400001 10776.04856 
467.0 425.0 0.0514480000005 10748.552 
448.0 440.0 0.0120200000003 10787.98 
446.0 460.0 0.0171427200001 10782.85728 
