250.0 250.0
169.0 209.0 0.0121200000003 10787.88 
80.0 239.0 0.0259800000007 10774.02 
72.0 327.0 0.105996960002 10694.00304 
45.0 169.0 0.0805200000013 10719.48 
70.0 148.0 0.0754504400015 10724.54956 
49.0 142.0 0.0304194000007 10769.5806 
54.0 271.0 0.0918000000006 10708.2 
32.0 255.0 0.0544704000012 10745.5296 
52.0 254.0 0.057351240001 10742.64876 
22.0 362.0 0.0283234800002 10771.67652 
37.0 336.0 0.0967432000007 10703.2568 
78.0 320.0 0.152533600001 10647.4664 
26.0 420.0 0.0242840000004 10775.716 
30.0 442.0 0.0377764000006 10762.2236 
73.0 452.0 0.0372660400003 10762.73396 
5.0 118.0 0.152533600001 10647.4664 
57.0 411.0 0.0182400000005 10781.76 
105.0 294.0 0.217305480004 10582.69452 
144.0 184.0 0.02767 10772.33 
166.0 139.0 0.0122600000003 10787.74 
148.0 124.0 0.0191993600003 10780.80064 
138.0 272.0 0.0999202000004 10700.0798 
138.0 255.0 0.0409000000011 10759.1 
164.0 202.0 0.0129932000003 10787.0068 
152.0 325.0 0.0239400000007 10776.06 
142.0 347.0 0.0309713600004 10769.02864 
142.0 368.0 0.0754666000001 10724.5334 
146.0 447.0 0.0143608000004 10785.6392 
157.0 439.0 0.0122000000003 10787.8 
152.0 450.0 0.0140571200002 10785.94288 
228.0 305.0 0.0780190000009 10721.981 
57.0 200.0 0.0279800000001 10772.02 
128.0 121.0 0.0332638400003 10766.73616 
223.0 168.0 0.00608000000017 10793.92 
247.0 129.0 0.0315795200002 10768.42048 
233.0 154.0 0.00608000000017 10793.92 
254.0 249.0 0.0124378800001 10787.56212 
252.0 272.0 0.0492907200003 10750.70928 
256.0 257.0 0.0133314000001 10786.6686 
240.0 344.0 0.0447332000006 10755.2668 
217.0 320.0 0.0123200000003 10787.68 
247.0 356.0 0.0399017600003 10760.09824 
247.0 466.0 0.0228120000004 10777.188 
247.0 446.0 0.02353824 10776.46176 
248.0 431.0 0.0121200000003 10787.88 
115.0 358.0 0.0604375200006 10739.56248 
58.0 43.0 0.152533600001 10647.4664 
119.0 400.0 0.0422275200003 10757.77248 
90.0 216.0 0.0311000000009 10768.9 
344.0 151.0 0.152533600001 10647.4664 
345.0 126.0 0.152533600001 10647.4664 
373.0 229.0 0.0279746000001 10772.0254 
341.0 263.0 0.0122000000003 10787.8 
365.0 256.0 0.03355 10766.45 
347.0 348.0 0.0127344000003 10787.2656 
349.0 378.0 0.0209800000003 10779.02 
341.0 352.0 0.0121000000003 10787.9 
337.0 463.0 0.0187200000005 10781.28 
368.0 464.0 0.0312260000003 10768.774 
347.0 460.0 0.0200934000002 10779.9066 
91.0 172.0 0.140837400001 10659.1626 
53.0 289.0 0.145268240002 10654.73176 
372.0 482.0 0.0374982400004 10762.50176 
446.0 180.0 0.152533600001 10647.4664 
484.0 146.0 0.152533600001 10647.4664 
459.0 149.0 0.0374982400004 10762.50176 
459.0 247.0 0.00807144000029 10791.92856 
455.0 238.0 0.0127800000004 10787.22 
460.0 234.0 0.0065136400002 10793.48636 
478.0 322.0 0.152533600001 10647.4664 
459.0 352.0 0.152533600001 10647.4664 
454.0 365.0 0.0374982400004 10762.50176 
433.0 450.0 0.0122400000003 10787.76 
435.0 467.0 0.0154864400005 10784.51356 
434.0 455.0 0.0125884 10787.4116 
