250.0 250.0
283.0 254.0 0.487630800007 10312.3692 
349.0 243.0 0.405486800007 10394.5132 
381.0 294.0 0.155560960003 10644.43904 
274.0 290.0 0.237509760006 10562.49024 
307.0 203.0 0.120776000003 10679.224 
263.0 204.0 0.0319718 10768.0282 
347.0 287.0 0.117957600002 10682.0424 
360.0 228.0 0.241951200005 10558.0488 
235.0 365.0 0.0255820800004 10774.41792 
354.0 195.0 0.0333450000005 10766.655 
373.0 262.0 0.168028400004 10631.9716 
434.0 329.0 0.118498400002 10681.5016 
299.0 113.0 0.0384590400004 10761.54096 
232.0 225.0 0.0622557600012 10737.74424 
297.0 140.0 0.0204094400005 10779.59056 
417.0 288.0 0.340312640001 10459.68736 
326.0 82.0 0.340312640001 10459.68736 
300.0 303.0 0.100821000001 10699.179 
432.0 317.0 0.146825280002 10653.17472 
316.0 230.0 0.668061400008 10131.9386 
275.0 153.0 0.0309200000009 10769.08 
380.0 175.0 0.0183066800003 10781.69332 
148.0 243.0 0.00630000000017 10793.7 
141.0 225.0 0.0109998 10789.0002 
174.0 362.0 0.0116600000003 10788.34 
169.0 367.0 0.0122320000005 10787.768 
143.0 347.0 0.0257496800004 10774.25032 
143.0 457.0 0.0192000000005 10780.8 
153.0 437.0 0.0127400000004 10787.26 
148.0 437.0 0.0130540000003 10786.946 
241.0 39.0 0.0111388800001 10788.86112 
209.0 253.0 0.0717988000015 10728.2012 
241.0 61.0 0.00566000000016 10794.34 
231.0 139.0 0.0506545600005 10749.34544 
245.0 140.0 0.0518815600008 10748.11844 
238.0 117.0 0.0321134400005 10767.88656 
269.0 265.0 0.207511040004 10592.48896 
245.0 271.0 0.0807116000021 10719.2884 
243.0 261.0 0.111586400001 10688.4136 
234.0 308.0 0.201330400002 10598.6696 
262.0 348.0 0.075284480001 10724.71552 
247.0 345.0 0.090246720001 10709.75328 
241.0 459.0 0.00578000000016 10794.22 
241.0 476.0 0.00912083999991 10790.87916 
232.0 465.0 0.00578000000016 10794.22 
328.0 35.0 0.0118200000003 10788.18 
354.0 44.0 0.0206012 10779.3988 
325.0 29.0 0.0123618000002 10787.6382 
366.0 160.0 0.0194400000005 10780.56 
352.0 130.0 0.0274548800004 10772.54512 
353.0 137.0 0.0281789600006 10771.82104 
373.0 268.0 0.317842720005 10482.15728 
352.0 256.0 0.274845920007 10525.15408 
351.0 260.0 0.311815000007 10488.185 
351.0 358.0 0.0122849999999 10787.715 
362.0 345.0 0.0203583600002 10779.64164 
330.0 360.0 0.0123200000003 10787.68 
353.0 442.0 0.0421776000002 10757.8224 
336.0 416.0 0.0123200000003 10787.68 
363.0 459.0 0.0231302400004 10776.86976 
441.0 73.0 0.0146262400001 10785.37376 
431.0 67.0 0.0128800000004 10787.12 
442.0 33.0 0.0293788400001 10770.62116 
462.0 143.0 0.0164324800002 10783.56752 
450.0 155.0 0.0127000000003 10787.3 
459.0 161.0 0.0141554800004 10785.84452 
454.0 263.0 0.0798672800011 10720.13272 
450.0 247.0 0.0120800000003 10787.92 
451.0 249.0 0.0121402000004 10787.8598 
424.0 344.0 0.0532946000008 10746.7054 
474.0 330.0 0.0676892000013 10732.3108 
444.0 355.0 0.0692571200013 10730.74288 
447.0 446.0 0.00588000000016 10794.12 
436.0 464.0 0.00588000000016 10794.12 
459.0 466.0 0.0122774400001 10787.72256 
